1 0 0 7 2370 2371 2381 
2 0 1 2 2370 2381 2391 
3 0 2 1 2370 2391 2401 
8 0 7 3 2371 2422 2432 
6 0 5 2 2371 2412 2441 
12 0 2 7 2429 2434 2444 
4 0 3 1 2370 2402 2451 
14 0 3 6 2433 2444 2454 
9 0 5 4 2417 2464 2474 
7 0 6 2 2371 2474 2491 
15 0 1 3 2442 2485 2495 
5 0 4 1 2371 2454 2501 
18 0 5 5 2476 2505 2515 
10 0 6 4 2417 2515 2525 
23 0 1 0 2514 2536 2546 
19 0 4 1 2478 2495 2551 
22 0 2 5 2490 2546 2565 
11 0 4 3 2428 2556 2567 
17 0 6 6 2470 2567 2577 
16 0 0 1 2446 2526 2602 
28 0 4 4 2545 2598 2608 
27 0 3 3 2543 2588 2617 
29 0 2 6 2553 2578 2627 
21 0 3 5 2487 2629 2639 
33 0 4 0 2586 2639 2649 
31 0 6 1 2577 2608 2652 
30 0 5 4 2553 2649 2659 
25 0 6 3 2528 2659 2669 
41 0 2 7 2646 2671 2681 
37 0 3 6 2617 2681 2691 
39 0 4 2 2633 2691 2701 
35 0 0 1 2600 2619 2702 
42 0 6 4 2648 2701 2711 
20 0 7 3 2478 2711 2721 
49 0 1 2 2713 2722 2751 
46 0 5 4 2681 2732 2761 
48 0 7 3 2711 2742 2771 
54 0 4 1 2746 2773 2784 
38 0 5 6 2623 2784 2794 
52 0 2 2 2718 2763 2801 
32 0 7 4 2580 2794 2811 
61 0 0 0 2796 2805 2815 
44 0 0 3 2656 2753 2821 
59 0 1 1 2764 2815 2834 
55 0 5 5 2755 2835 2845 
45 0 3 2 2672 2825 2851 
50 0 6 6 2714 2845 2855 
43 0 7 4 2649 2855 2865 
53 0 0 3 2720 2866 2876 
64 0 2 1 2821 2876 2887 
68 0 3 2 2840 2887 2901 
65 0 4 5 2824 2897 2907 
66 0 6 7 2827 2907 2917 
13 0 7 6 2433 2917 2927 
40 0 1 3 2640 2938 2948 
71 0 5 0 2877 2948 2958 
57 0 6 5 2760 2958 2968 
24 0 0 6 2522 2928 2977 
78 0 0 2 2922 2969 2979 
70 0 2 3 2872 2989 2999 
63 0 5 1 2816 2999 3010 
73 0 6 7 2890 3010 3020 
34 0 1 6 2593 2979 3027 
26 0 7 5 2537 3020 3030 
72 0 0 4 2877 3031 3041 
69 0 1 2 2867 3041 3051 
51 0 3 3 2715 3061 3071 
79 0 2 6 2928 3051 3077 
80 0 5 1 2932 3071 3081 
91 0 6 0 3029 3081 3091 
96 0 0 5 3057 3092 3102 
77 0 1 4 2916 3102 3112 
94 0 2 2 3049 3112 3122 
58 0 3 6 2761 3122 3132 
81 0 4 3 2954 3132 3143 
88 0 5 7 2998 3143 3153 
67 0 7 1 2834 3153 3163 
36 0 2 4 2603 3174 3184 
85 0 3 2 2971 3184 3194 
62 0 1 7 2815 3164 3203 
74 0 4 6 2902 3194 3204 
106 0 5 0 3136 3204 3214 
97 0 6 3 3073 3214 3224 
84 0 7 1 2971 3224 3234 
104 0 0 6 3107 3235 3254 
116 0 1 5 3199 3245 3255 
76 0 3 4 2907 3255 3265 
98 0 4 2 3086 3265 3275 
99 0 5 7 3094 3275 3286 
105 0 6 0 3122 3286 3296 
93 0 7 3 3048 3296 3306 
108 0 2 5 3149 3317 3327 
47 0 4 4 2706 3327 3337 
101 0 1 0 3097 3307 3346 
95 0 5 2 3054 3337 3347 
114 0 6 1 3180 3347 3357 
122 0 7 3 3244 3357 3367 
129 0 2 0 3293 3388 3398 
83 0 1 1 2968 3378 3407 
92 0 3 5 3047 3398 3409 
87 0 0 3 2992 3368 3417 
125 0 4 7 3261 3409 3419 
113 0 5 4 3176 3419 3429 
131 0 6 2 3304 3429 3439 
128 0 7 6 3285 3439 3449 
107 0 1 1 3138 3460 3470 
136 0 2 0 3348 3470 3480 
127 0 3 5 3269 3480 3490 
110 0 0 6 3158 3450 3499 
82 0 6 4 2967 3490 3500 
90 0 1 3 3026 3511 3521 
156 0 2 7 3489 3521 3532 
100 0 3 0 3096 3532 3542 
135 0 0 6 3337 3501 3549 
118 0 4 5 3210 3542 3552 
141 0 5 1 3375 3552 3562 
56 0 7 4 2758 3562 3572 
102 0 2 3 3099 3583 3593 
161 0 0 6 3523 3573 3599 
146 0 3 7 3427 3593 3603 
153 0 4 0 3470 3603 3613 
103 0 7 5 3103 3613 3623 
143 0 0 4 3388 3624 3634 
121 0 1 6 3239 3634 3649 
162 0 3 1 3526 3644 3655 
89 0 4 3 3014 3655 3665 
159 0 6 0 3513 3665 3675 
151 0 7 2 3464 3675 3685 
183 0 3 1 3682 3696 3706 
138 0 6 3 3351 3706 3716 
170 0 7 0 3583 3716 3726 
180 0 1 2 3657 3686 3735 
132 0 1 4 3308 3737 3747 
117 0 3 6 3203 3757 3767 
152 0 0 0 3465 3727 3776 
177 0 4 1 3640 3767 3778 
115 0 2 2 3190 3747 3785 
144 0 6 7 3400 3778 3788 
158 0 7 3 3512 3788 3798 
196 0 3 6 3769 3809 3819 
165 0 5 1 3547 3819 3829 
123 0 2 2 3248 3799 3835 
169 0 6 7 3583 3829 3839 
184 0 7 3 3686 3839 3849 
60 0 2 4 2781 3860 3870 
195 0 0 1 3760 3850 3879 
111 0 4 2 3158 3870 3885 
191 0 7 3 3739 3880 3899 
109 0 3 4 3152 3912 3922 
163 0 1 1 3533 3901 3929 
133 0 4 2 3316 3922 3935 
206 0 6 7 3852 3932 3942 
119 0 0 3 3228 3891 3949 
142 0 7 5 3383 3942 3952 
167 0 4 4 3574 3973 3983 
181 0 5 2 3675 3983 3993 
155 0 1 3 3488 3963 3999 
126 0 0 5 3268 3953 4002 
214 0 6 7 3907 3993 4003 
197 0 7 0 3793 4003 4013 
168 0 1 1 3578 4024 4034 
145 0 2 3 3419 4034 4049 
216 0 0 5 3923 4014 4052 
160 0 4 6 3519 4045 4055 
124 0 5 4 3252 4055 4065 
200 0 6 2 3809 4065 4075 
209 0 7 7 3867 4075 4085 
199 0 0 0 3805 4086 4096 
207 0 2 5 3853 4106 4116 
148 0 5 6 3428 4116 4126 
234 0 1 7 4056 4096 4135 
120 0 6 4 3230 4126 4136 
228 0 7 3 4018 4136 4146 
208 0 0 2 3857 4148 4158 
205 0 1 1 3849 4158 4168 
240 0 2 7 4100 4168 4185 
154 0 3 5 3473 4178 4188 
174 0 6 6 3625 4188 4198 
75 0 7 4 2903 4198 4208 
227 0 0 2 4017 4209 4219 
179 0 2 0 3650 4229 4239 
239 0 3 5 4099 4239 4249 
139 0 1 4 3363 4219 4258 
232 0 4 7 4029 4249 4259 
166 0 0 3 3567 4261 4271 
189 0 1 2 3732 4271 4281 
194 0 2 0 3759 4281 4291 
253 0 4 7 4217 4291 4310 
187 0 0 3 3718 4302 4321 
226 0 1 4 3985 4312 4322 
213 0 2 1 3905 4322 4332 
171 0 3 0 3585 4332 4342 
140 0 4 5 3367 4342 4352 
233 0 5 7 4051 4352 4362 
235 0 0 3 4057 4363 4373 
248 0 2 2 4180 4373 4383 
188 0 3 1 3724 4383 4394 
237 0 4 0 4095 4394 4404 
243 0 5 5 4127 4404 4414 
229 0 6 7 4021 4414 4424 
178 0 0 6 3641 4425 4435 
215 0 1 3 3911 4435 4445 
86 0 2 4 2987 4445 4455 
225 0 3 2 3984 4455 4465 
202 0 5 0 3815 4465 4475 
261 0 6 5 4272 4475 4485 
255 0 0 6 4232 4486 4496 
164 0 2 3 3546 4496 4506 
137 0 3 4 3349 4506 4516 
287 0 4 1 4454 4516 4526 
236 0 6 7 4094 4526 4537 
257 0 7 5 4244 4537 4547 
149 0 1 6 3439 4558 4568 
186 0 4 2 3694 4568 4578 
192 0 5 1 3744 4578 4588 
220 0 0 5 3965 4548 4597 
252 0 6 0 4213 4588 4598 
219 0 7 7 3942 4598 4608 
222 0 2 6 3974 4630 4640 
249 0 1 5 4182 4620 4647 
274 0 0 0 4373 4609 4648 
269 0 4 3 4341 4640 4650 
266 0 5 2 4311 4650 4660 
238 0 7 1 4098 4660 4670 
270 0 1 7 4354 4671 4681 
201 0 2 0 3809 4681 4698 
247 0 3 5 4170 4691 4701 
212 0 4 4 3891 4701 4711 
267 0 6 2 4318 4711 4721 
271 0 7 1 4356 4721 4732 
292 0 1 7 4491 4743 4753 
300 0 3 5 4563 4753 4763 
278 0 4 3 4396 4763 4773 
241 0 0 1 4105 4733 4782 
130 0 5 4 3298 4773 4783 
281 0 7 2 4415 4783 4793 
326 0 1 0 4752 4804 4814 
268 0 2 7 4325 4814 4825 
217 0 3 6 3928 4825 4835 
250 0 0 2 4183 4794 4843 
147 0 4 5 3428 4835 4845 
280 0 6 3 4409 4845 4855 
285 0 1 1 4450 4856 4866 
294 0 3 7 4504 4866 4876 
251 0 5 5 4185 4886 4896 
334 0 4 3 4810 4876 4905 
150 0 6 4 3447 4896 4906 
198 0 1 2 3797 4907 4917 
288 0 2 1 4463 4917 4928 
176 0 3 0 3632 4928 4938 
203 0 4 6 3826 4938 4948 
306 0 5 7 4596 4948 4958 
337 0 6 3 4839 4958 4968 
112 0 7 4 3169 4968 4978 
258 0 2 2 4253 4989 4999 
210 0 3 0 3881 4999 5009 
172 0 5 6 3607 5009 5019 
265 0 0 4 4306 4979 5028 
286 0 6 5 4451 5019 5029 
338 0 7 3 4847 5029 5039 
254 0 3 1 4232 5050 5060 
218 0 5 0 3930 5060 5071 
256 0 1 4 4240 5040 5078 
273 0 6 6 4359 5071 5081 
361 0 7 3 5016 5081 5091 
307 0 3 2 4605 5112 5122 
173 0 2 4 3609 5102 5128 
309 0 4 1 4629 5122 5132 
312 0 1 3 4643 5092 5141 
283 0 5 0 4441 5132 5142 
244 0 6 7 4143 5142 5152 
299 0 7 5 4537 5152 5162 
379 0 1 3 5147 5173 5191 
204 0 3 4 3832 5183 5193 
350 0 4 2 4928 5193 5203 
344 0 0 5 4876 5163 5212 
291 0 5 1 4484 5203 5214 
313 0 6 7 4655 5214 5224 
315 0 7 6 4669 5224 5234 
277 0 1 5 4395 5245 5262 
330 0 2 3 4771 5255 5265 
221 0 4 4 3967 5265 5275 
304 0 0 6 4583 5235 5284 
298 0 5 2 4528 5275 5285 
327 0 6 0 4762 5285 5295 
246 0 7 7 4164 5295 5305 
242 0 1 6 4108 5316 5334 
336 0 2 5 4829 5326 5336 
349 0 3 3 4926 5336 5347 
319 0 0 7 4694 5306 5355 
157 0 5 4 3502 5347 5357 
376 0 6 1 5113 5357 5367 
351 0 0 0 4937 5368 5378 
352 0 2 6 4949 5388 5398 
347 0 1 7 4923 5378 5405 
341 0 3 5 4871 5398 5408 
296 0 6 2 4524 5408 5418 
289 0 7 1 4464 5418 5428 
396 0 1 0 5277 5439 5449 
284 0 3 6 4447 5449 5459 
193 0 4 5 3751 5459 5470 
290 0 0 1 4483 5429 5478 
400 0 6 3 5303 5470 5480 
322 0 7 2 4709 5480 5490 
331 0 3 7 4793 5511 5521 
303 0 1 1 4571 5501 5528 
260 0 4 6 4262 5521 5531 
282 0 0 2 4430 5491 5540 
339 0 5 5 4868 5531 5541 
182 0 6 4 3681 5541 5551 
385 0 7 3 5182 5551 5561 
421 0 1 0 5454 5573 5583 
302 0 2 1 4564 5583 5593 
397 0 4 7 5279 5593 5603 
426 0 0 3 5494 5562 5611 
348 0 5 6 4924 5603 5613 
305 0 6 5 4587 5613 5623 
134 0 7 4 3334 5623 5633 
405 0 1 3 5339 5644 5661 
401 0 2 0 5303 5654 5664 
314 0 3 1 4662 5664 5674 
335 0 0 4 4816 5634 5683 
391 0 5 7 5227 5674 5684 
345 0 6 6 4887 5684 5695 
366 0 7 5 5057 5695 5705 
318 0 1 4 4689 5716 5733 
276 0 2 2 4390 5726 5736 
262 0 3 0 4288 5736 5746 
404 0 0 5 5322 5706 5755 
317 0 4 1 4689 5746 5756 
346 0 7 6 4920 5756 5766 
363 0 2 2 5045 5787 5797 
372 0 1 5 5106 5777 5805 
439 0 4 0 5593 5797 5807 
311 0 0 6 4637 5767 5816 
442 0 6 1 5616 5807 5817 
328 0 7 7 4767 5817 5828 
374 0 2 3 5108 5849 5859 
264 0 1 6 4305 5839 5866 
297 0 0 1 4527 5829 5868 
323 0 3 2 4719 5859 5869 
410 0 5 0 5384 5869 5879 
469 0 6 7 5810 5879 5889 
381 0 2 3 5152 5900 5910 
329 0 0 1 4769 5890 5918 
392 0 4 2 5237 5910 5920 
393 0 6 0 5241 5920 5931 
438 0 7 7 5583 5931 5941 
390 0 2 3 5224 5952 5962 
316 0 5 2 4675 5962 5972 
461 0 7 0 5755 5972 5982 
373 0 0 7 5107 5942 5991 
360 0 0 1 5010 5983 5993 
185 0 2 4 3693 6003 6013 
364 0 3 3 5050 6013 6023 
321 0 6 2 4705 6023 6033 
387 0 1 7 5197 5993 6041 
468 0 1 0 5808 6034 6044 
343 0 2 5 4875 6044 6054 
230 0 3 4 4025 6054 6064 
476 0 4 3 5856 6064 6075 
354 0 7 2 4971 6075 6085 
355 0 1 1 4992 6086 6096 
467 0 2 6 5803 6096 6106 
389 0 3 5 5222 6106 6116 
245 0 4 4 4148 6116 6126 
448 0 5 3 5664 6126 6136 
505 0 0 2 6098 6137 6147 
436 0 2 0 5564 6147 6157 
457 0 3 6 5733 6157 6167 
293 0 4 5 4502 6167 6177 
211 0 5 4 3888 6177 6187 
474 0 6 3 5855 6187 6197 
458 0 1 2 5735 6199 6209 
463 0 2 0 5760 6209 6219 
482 0 3 7 5908 6219 6229 
301 0 4 6 4564 6229 6239 
358 0 5 5 5002 6239 6249 
190 0 6 4 3735 6249 6259 
453 0 7 3 5687 6259 6269 
310 0 2 1 4629 6280 6290 
510 0 3 7 6108 6290 6300 
434 0 5 6 5554 6300 6310 
483 0 0 3 5919 6270 6319 
368 0 6 5 5063 6310 6320 
175 0 7 4 3627 6320 6331 
418 0 2 2 5440 6352 6362 
513 0 1 3 6157 6342 6369 
272 0 3 0 4358 6362 6372 
380 0 0 4 5151 6332 6381 
512 0 4 7 6125 6372 6382 
353 0 6 6 4953 6382 6392 
403 0 7 5 5313 6392 6402 
332 0 1 4 4796 6413 6431 
409 0 2 3 5369 6423 6433 
356 0 3 1 4998 6433 6443 
420 0 0 5 5450 6403 6452 
544 0 5 7 6375 6443 6454 
496 0 7 6 6020 6454 6464 
231 0 2 4 4029 6485 6495 
452 0 1 5 5687 6475 6502 
384 0 3 2 5176 6495 6505 
388 0 0 6 5213 6465 6514 
552 0 4 0 6441 6505 6515 
553 0 6 7 6443 6515 6525 
357 0 2 5 4999 6536 6552 
371 0 3 3 5097 6546 6556 
342 0 1 6 4875 6526 6564 
325 0 4 1 4743 6556 6566 
471 0 5 0 5831 6566 6577 
472 0 7 7 5833 6577 6587 
477 0 2 6 5859 6598 6614 
279 0 3 4 4402 6608 6618 
447 0 4 2 5654 6618 6628 
478 0 0 7 5875 6588 6637 
529 0 6 0 6271 6628 6638 
408 0 3 5 5363 6649 6659 
495 0 4 3 6015 6659 6670 
333 0 5 2 4801 6670 6680 
414 0 1 7 5396 6639 6687 
485 0 6 1 5932 6680 6690 
488 0 7 0 5967 6690 6700 
573 0 3 6 6601 6721 6731 
578 0 2 7 6635 6711 6737 
377 0 4 4 5125 6731 6741 
582 0 0 0 6674 6701 6750 
515 0 5 3 6165 6741 6751 
522 0 6 1 6217 6751 6761 
370 0 4 5 5075 6773 6783 
223 0 5 4 3975 6783 6793 
541 0 1 0 6360 6763 6800 
362 0 6 2 5023 6793 6803 
480 0 7 1 5905 6803 6813 
359 0 4 6 5006 6834 6844 
486 0 2 0 5934 6824 6850 
417 0 5 5 5439 6844 6854 
365 0 0 1 5051 6814 6863 
517 0 6 3 6166 6854 6864 
378 0 7 2 5126 6864 6874 
419 0 3 0 5443 6896 6906 
429 0 1 1 5531 6886 6913 
525 0 4 7 6243 6906 6916 
590 0 0 2 6731 6875 6924 
509 0 5 6 6107 6916 6926 
224 0 6 4 3980 6926 6936 
554 0 0 3 6445 6937 6947 
592 0 2 1 6747 6957 6967 
608 0 1 2 6857 6947 6975 
566 0 4 7 6540 6967 6977 
407 0 6 5 5353 6977 6987 
263 0 7 4 4291 6987 6998 
560 0 0 3 6509 6999 7009 
454 0 2 2 5705 7009 7025 
399 0 3 1 5297 7019 7029 
572 0 4 0 6585 7029 7039 
565 0 5 7 6539 7039 7049 
382 0 6 6 5164 7049 7059 
422 0 7 5 5463 7059 7069 
493 0 0 4 5991 7070 7080 
550 0 1 3 6425 7080 7090 
415 0 3 2 5403 7090 7101 
340 0 4 1 4870 7101 7111 
479 0 5 0 5902 7111 7121 
518 0 7 7 6171 7121 7131 
433 0 0 5 5549 7132 7142 
369 0 1 4 5064 7142 7152 
427 0 2 3 5494 7152 7162 
481 0 4 2 5906 7162 7172 
609 0 5 1 6872 7172 7182 
607 0 6 0 6839 7182 7192 
602 0 7 6 6816 7192 7202 
475 0 1 5 5856 7214 7224 
295 0 2 4 4516 7224 7234 
519 0 3 3 6183 7234 7244 
398 0 0 6 5281 7203 7252 
395 0 5 2 5267 7244 7254 
537 0 6 1 6320 7254 7264 
531 0 7 7 6287 7264 7274 
437 0 1 6 5572 7285 7303 
507 0 2 5 6102 7295 7305 
428 0 3 4 5517 7305 7315 
502 0 0 7 6056 7275 7324 
613 0 4 3 6891 7315 7325 
424 0 6 2 5488 7325 7335 
568 0 7 0 6558 7335 7345 
500 0 2 6 6040 7357 7367 
571 0 1 7 6580 7347 7374 
547 0 3 5 6400 7367 7377 
460 0 4 4 5748 7377 7387 
558 0 5 3 6498 7387 7397 
504 0 7 1 6063 7397 7407 
630 0 1 0 7030 7418 7428 
606 0 2 7 6836 7428 7438 
617 0 3 6 6936 7438 7448 
536 0 0 1 6317 7408 7457 
406 0 4 5 5341 7448 7458 
259 0 5 4 4256 7458 7468 
656 0 6 3 7215 7468 7478 
394 0 7 2 5246 7478 7488 
445 0 1 1 5633 7500 7510 
490 0 2 0 5979 7510 7520 
625 0 3 7 6986 7520 7530 
623 0 0 2 6972 7490 7539 
386 0 4 6 5185 7530 7540 
456 0 5 5 5719 7540 7550 
416 0 6 4 5433 7550 7560 
628 0 7 3 7010 7560 7570 
645 0 1 2 7136 7581 7591 
600 0 2 1 6793 7592 7602 
527 0 5 6 6244 7602 7612 
574 0 0 3 6601 7571 7620 
611 0 6 5 6884 7612 7622 
308 0 7 4 4615 7622 7632 
521 0 2 2 6208 7653 7663 
616 0 1 3 6933 7643 7670 
435 0 3 1 5560 7663 7673 
526 0 0 4 6243 7633 7682 
635 0 5 7 7066 7673 7683 
432 0 6 6 5545 7683 7693 
583 0 7 5 6675 7693 7703 
508 0 1 4 6102 7715 7732 
446 0 2 3 5644 7725 7735 
449 0 3 2 5673 7735 7745 
450 0 0 5 5679 7704 7753 
423 0 4 1 5471 7745 7755 
674 0 5 7 7329 7755 7765 
413 0 0 6 5394 7766 7776 
320 0 2 4 4698 7786 7796 
501 0 1 5 6047 7776 7804 
646 0 3 3 7143 7796 7806 
534 0 4 2 6299 7806 7816 
657 0 5 1 7220 7816 7826 
713 0 6 7 7625 7826 7837 
443 0 0 6 5624 7838 7848 
516 0 2 5 6165 7848 7858 
441 0 3 4 5614 7858 7868 
621 0 4 3 6959 7868 7878 
402 0 5 2 5309 7878 7888 
647 0 6 1 7149 7888 7898 
539 0 7 7 6355 7898 7908 
494 0 1 6 5998 7919 7930 
530 0 2 0 6272 7930 7940 
555 0 3 5 6472 7940 7950 
711 0 0 7 7617 7909 7958 
559 0 4 4 6499 7950 7960 
643 0 5 3 7115 7960 7970 
492 0 6 2 5989 7970 7980 
524 0 7 1 6228 7980 7990 
591 0 1 7 6732 8001 8011 
538 0 2 6 6323 8011 8021 
489 0 3 0 5971 8021 8031 
542 0 0 1 6373 7991 8040 
411 0 4 5 5391 8031 8041 
275 0 5 4 4382 8041 8052 
687 0 6 3 7415 8052 8062 
430 0 7 2 5533 8062 8072 
484 0 1 1 5932 8083 8093 
637 0 2 7 7075 8093 8103 
633 0 3 6 7047 8103 8113 
743 0 0 2 7869 8073 8122 
689 0 4 0 7444 8113 8123 
498 0 5 5 6036 8123 8133 
451 0 6 4 5680 8133 8143 
634 0 7 3 7051 8143 8153 
678 0 1 2 7363 8165 8175 
631 0 2 1 7032 8175 8185 
676 0 3 7 7342 8185 8195 
664 0 0 3 7274 8155 8204 
431 0 4 6 5539 8195 8205 
716 0 5 0 7648 8205 8215 
622 0 6 5 6961 8215 8225 
412 0 7 4 5391 8225 8235 
727 0 1 3 7722 8246 8256 
620 0 2 2 6955 8256 8266 
465 0 3 1 5786 8266 8277 
596 0 0 4 6773 8236 8285 
722 0 4 7 7699 8277 8287 
575 0 5 6 6612 8287 8297 
619 0 7 5 6950 8297 8307 
758 0 1 4 7981 8318 8335 
562 0 2 3 6516 8328 8338 
695 0 3 2 7475 8338 8348 
462 0 0 5 5756 8308 8357 
487 0 4 1 5950 8348 8358 
745 0 5 7 7882 8358 8368 
576 0 6 6 6617 8368 8378 
641 0 7 0 7106 8378 8388 
523 0 1 5 6225 8390 8407 
551 0 2 4 6441 8400 8410 
661 0 3 3 7236 8410 8420 
626 0 4 2 7003 8420 8430 
688 0 5 1 7431 8430 8440 
730 0 6 7 7768 8440 8450 
659 0 7 0 7223 8450 8460 
569 0 2 5 6560 8471 8481 
528 0 3 4 6245 8481 8491 
675 0 4 3 7333 8491 8501 
771 0 0 0 8088 8461 8510 
425 0 5 2 5493 8501 8512 
723 0 6 1 7701 8512 8522 
781 0 7 6 8153 8522 8532 
703 0 1 0 7545 8543 8560 
564 0 3 5 6532 8553 8563 
732 0 4 4 7778 8563 8573 
514 0 0 6 6165 8533 8582 
706 0 5 3 7569 8573 8583 
506 0 6 2 6099 8583 8593 
548 0 7 1 6416 8593 8603 
580 0 1 6 6654 8614 8632 
545 0 2 0 6394 8625 8635 
455 0 4 5 5707 8635 8645 
671 0 0 1 7317 8604 8653 
324 0 5 4 4725 8645 8655 
701 0 6 3 7535 8655 8665 
444 0 7 2 5631 8665 8675 
533 0 1 1 6298 8686 8703 
677 0 2 6 7355 8696 8706 
497 0 3 0 6033 8706 8716 
749 0 0 2 7928 8676 8725 
549 0 5 5 6419 8716 8726 
459 0 6 4 5744 8726 8736 
651 0 7 3 7161 8736 8747 
691 0 1 2 7465 8758 8775 
658 0 2 1 7221 8768 8778 
736 0 3 6 7806 8778 8788 
683 0 0 3 7397 8748 8797 
755 0 4 0 7961 8788 8798 
638 0 6 5 7084 8798 8808 
666 0 7 4 7281 8808 8818 
744 0 2 2 7873 8829 8839 
473 0 3 1 5845 8839 8850 
466 0 4 6 5796 8850 8860 
605 0 0 4 6826 8819 8868 
831 0 5 0 8533 8860 8870 
867 0 7 5 8805 8870 8880 
615 0 2 3 6904 8901 8911 
783 0 1 4 8170 8891 8918 
809 0 3 2 8360 8911 8921 
470 0 0 5 5821 8881 8930 
543 0 4 1 6375 8921 8931 
584 0 5 6 6681 8931 8941 
577 0 7 7 6618 8941 8951 
556 0 1 5 6483 8962 8980 
668 0 2 3 7294 8973 8983 
648 0 4 2 7151 8983 8993 
856 0 0 7 8720 8952 9001 
761 0 5 1 8017 8993 9003 
748 0 6 6 7908 9003 9013 
644 0 2 4 7116 9024 9034 
669 0 3 3 7300 9034 9044 
807 0 1 7 8345 9014 9051 
464 0 5 2 5771 9044 9054 
881 0 6 0 8901 9054 9064 
557 0 7 1 6491 9064 9074 
586 0 2 5 6704 9075 9085 
532 0 3 4 6292 9085 9096 
714 0 4 3 7626 9096 9106 
561 0 6 2 6510 9106 9116 
717 0 7 0 7653 9116 9126 
708 0 2 7 7585 9137 9147 
581 0 3 5 6657 9147 9157 
857 0 4 4 8722 9157 9167 
879 0 0 0 8880 9127 9176 
721 0 5 3 7690 9167 9177 
612 0 7 1 6890 9177 9187 
700 0 3 7 7529 9208 9218 
720 0 1 0 7682 9198 9226 
503 0 4 5 6058 9218 9228 
805 0 0 1 8341 9188 9237 
367 0 5 4 5060 9228 9239 
823 0 6 3 8470 9239 9249 
511 0 7 2 6115 9249 9259 
810 0 2 0 8370 9270 9280 
563 0 1 1 6531 9260 9287 
773 0 4 7 8099 9280 9290 
601 0 5 5 6811 9290 9300 
499 0 6 4 6040 9300 9310 
681 0 7 3 7387 9310 9320 
715 0 2 1 7647 9331 9341 
710 0 3 0 7601 9341 9352 
814 0 5 7 8400 9352 9362 
718 0 0 3 7658 9321 9370 
667 0 6 5 7284 9362 9372 
672 0 7 4 7324 9372 9382 
777 0 2 2 8126 9393 9403 
540 0 3 1 6358 9403 9413 
780 0 4 0 8152 9413 9423 
655 0 0 4 7212 9383 9432 
737 0 6 7 7828 9423 9433 
908 0 7 5 9104 9433 9443 
725 0 2 3 7721 9465 9475 
944 0 1 4 9376 9455 9482 
866 0 3 2 8784 9475 9485 
567 0 0 5 6557 9445 9494 
587 0 4 1 6719 9485 9495 
942 0 5 0 9368 9495 9505 
892 0 7 6 8987 9505 9515 
624 0 1 5 6986 9526 9544 
731 0 2 3 7770 9536 9546 
769 0 5 1 8069 9546 9556 
614 0 0 6 6893 9516 9565 
905 0 6 0 9078 9556 9566 
693 0 7 7 7467 9566 9577 
649 0 2 4 7157 9598 9608 
599 0 1 6 6786 9588 9615 
817 0 3 3 8421 9608 9618 
906 0 0 7 9095 9578 9627 
912 0 6 1 9132 9618 9628 
750 0 7 0 7933 9628 9638 
694 0 2 5 7470 9649 9659 
654 0 3 4 7190 9659 9670 
740 0 4 3 7844 9670 9680 
967 0 0 0 9544 9639 9688 
702 0 7 1 7538 9680 9690 
684 0 2 6 7405 9711 9721 
588 0 3 5 6726 9721 9731 
735 0 1 0 7802 9701 9738 
934 0 0 1 9298 9691 9740 
956 0 4 4 9462 9731 9741 
739 0 5 3 7829 9741 9751 
839 0 2 7 8583 9762 9772 
826 0 3 6 8500 9772 9782 
653 0 1 1 7190 9752 9790 
579 0 4 5 6643 9782 9792 
375 0 5 4 5113 9792 9802 
830 0 6 3 8522 9802 9812 
871 0 2 0 8833 9814 9824 
520 0 4 6 6198 9824 9834 
663 0 5 5 7264 9834 9844 
546 0 6 4 6396 9844 9854 
766 0 7 3 8034 9854 9864 
877 0 2 1 8877 9875 9885 
792 0 3 0 8227 9885 9895 
594 0 5 6 6749 9895 9905 
734 0 0 3 7791 9865 9914 
707 0 6 5 7578 9905 9915 
741 0 7 4 7858 9915 9925 
955 0 2 2 9459 9937 9947 
610 0 3 1 6876 9947 9957 
799 0 4 0 8281 9957 9967 
690 0 0 4 7459 9926 9975 
795 0 6 6 8264 9967 9977 
924 0 7 5 9226 9977 9987 
738 0 2 3 7828 10008 10018 
985 0 1 4 9690 9998 10026 
937 0 3 2 9314 10018 10028 
632 0 0 5 7035 9988 10037 
747 0 4 1 7885 10028 10039 
1009 0 5 0 9854 10039 10049 
786 0 0 6 8198 10050 10060 
802 0 2 4 8299 10070 10080 
640 0 1 5 7094 10060 10087 
660 0 4 2 7225 10080 10090 
842 0 5 1 8606 10090 10100 
803 0 7 0 8336 10100 10110 
797 0 0 6 8275 10111 10121 
752 0 2 5 7943 10121 10137 
719 0 3 4 7676 10131 10141 
491 0 5 2 5981 10141 10152 
938 0 6 1 9317 10152 10162 
837 0 7 0 8571 10162 10172 
686 0 1 6 7415 10173 10183 
847 0 2 7 8643 10183 10193 
598 0 3 5 6785 10193 10203 
991 0 4 4 9729 10203 10213 
570 0 6 2 6573 10213 10223 
733 0 7 1 7781 10223 10233 
742 0 1 0 7859 10245 10255 
759 0 2 3 7996 10255 10265 
746 0 3 7 7882 10265 10275 
959 0 0 1 9485 10234 10283 
595 0 4 5 6765 10275 10285 
383 0 5 4 5176 10285 10295 
593 0 7 2 6748 10295 10305 
791 0 1 0 8221 10316 10326 
699 0 2 6 7516 10326 10336 
853 0 3 3 8689 10336 10346 
1002 0 0 2 9807 10306 10355 
864 0 4 7 8772 10346 10357 
680 0 5 5 7384 10357 10367 
585 0 6 4 6686 10367 10377 
670 0 1 1 7305 10378 10388 
964 0 2 0 9525 10388 10398 
895 0 3 6 8999 10398 10408 
808 0 4 3 8346 10408 10418 
883 0 5 7 8924 10418 10428 
772 0 6 5 8090 10428 10438 
774 0 7 4 8105 10438 10448 
954 0 1 2 9454 10460 10470 
935 0 2 1 9302 10470 10480 
904 0 3 0 9075 10480 10490 
705 0 0 4 7565 10449 10498 
696 0 4 6 7496 10490 10500 
753 0 5 3 7945 10500 10510 
790 0 6 7 8220 10510 10520 
947 0 7 5 9385 10520 10530 
1098 0 1 4 10525 10541 10551 
984 0 2 2 9688 10551 10562 
639 0 3 1 7091 10562 10572 
642 0 0 5 7113 10531 10580 
835 0 4 0 8558 10572 10582 
618 0 5 6 6947 10582 10592 
873 0 6 3 8841 10592 10602 
726 0 7 7 7722 10602 10612 
662 0 1 5 7253 10623 10633 
900 0 2 4 9043 10633 10643 
996 0 3 2 9761 10643 10653 
950 0 0 7 9421 10613 10662 
841 0 4 1 8599 10653 10663 
945 0 6 6 9378 10663 10674 
819 0 7 3 8443 10674 10684 
1049 0 1 7 10169 10695 10712 
768 0 2 5 8050 10705 10715 
770 0 3 4 8070 10715 10725 
760 0 0 3 7996 10685 10734 
682 0 4 2 7388 10725 10735 
850 0 5 1 8674 10735 10745 
1094 0 6 0 10508 10745 10755 
1058 0 7 6 10223 10755 10765 
1083 0 1 3 10413 10776 10787 
915 0 2 7 9159 10787 10797 
604 0 3 5 6826 10797 10807 
982 0 0 6 9657 10766 10815 
1032 0 4 4 10038 10807 10817 
650 0 5 2 7161 10817 10827 
980 0 6 1 9638 10827 10837 
951 0 7 0 9429 10837 10847 
763 0 1 6 8029 10848 10865 
818 0 2 3 8428 10858 10868 
784 0 3 7 8175 10868 10878 
603 0 4 5 6822 10878 10888 
440 0 5 4 5594 10888 10898 
589 0 6 2 6730 10898 10908 
969 0 7 0 9559 10908 10919 
793 0 2 6 8244 10930 10940 
859 0 3 3 8738 10940 10950 
1024 0 4 7 9964 10950 10960 
1087 0 0 0 10437 10920 10969 
896 0 5 5 9002 10960 10970 
673 0 6 4 7324 10970 10980 
757 0 7 1 7975 10980 10990 
848 0 1 0 8652 11001 11019 
1115 0 3 6 10655 11011 11022 
870 0 4 3 8827 11022 11032 
1062 0 0 1 10255 10991 11040 
1012 0 5 7 9897 11032 11042 
779 0 6 5 8145 11042 11052 
709 0 7 2 7586 11052 11062 
712 0 1 1 7624 11073 11090 
972 0 2 0 9581 11083 11093 
704 0 4 6 7547 11093 11103 
1030 0 0 2 10007 11063 11112 
858 0 5 3 8732 11103 11113 
890 0 6 7 8964 11113 11123 
788 0 7 4 8206 11123 11133 
1105 0 1 2 10585 11145 11162 
997 0 2 1 9763 11155 11165 
1026 0 3 0 9992 11165 11175 
724 0 0 4 7714 11135 11184 
729 0 5 6 7757 11175 11185 
844 0 7 3 8622 11185 11195 
882 0 3 1 8903 11206 11216 
903 0 4 0 9069 11216 11226 
1004 0 2 4 9826 11196 11234 
989 0 6 6 9706 11226 11236 
999 0 7 5 9770 11236 11246 
966 0 4 1 9536 11268 11278 
1031 0 2 4 10021 11258 11284 
1188 0 5 0 11193 11278 11288 
652 0 0 5 7166 11248 11297 
1075 0 7 6 10353 11288 11298 
1157 0 2 2 10952 11319 11329 
845 0 3 4 8627 11329 11339 
751 0 1 5 7933 11309 11347 
994 0 0 6 9753 11299 11348 
869 0 5 1 8809 11339 11349 
1146 0 6 0 10882 11349 11359 
811 0 7 7 8377 11359 11369 
798 0 1 6 8278 11381 11398 
787 0 2 5 8200 11391 11401 
1011 0 3 2 9873 11401 11411 
1039 0 0 7 10086 11371 11420 
1041 0 4 4 10100 11411 11421 
1061 0 6 1 10248 11421 11431 
1007 0 7 0 9841 11431 11441 
1125 0 1 7 10748 11452 11470 
824 0 2 6 8479 11462 11473 
685 0 3 5 7405 11473 11483 
1136 0 0 0 10822 11442 11491 
821 0 4 2 8456 11483 11493 
535 0 5 4 6299 11493 11503 
851 0 7 1 8679 11503 11513 
878 0 1 0 8879 11524 11541 
1163 0 2 7 10997 11534 11544 
1168 0 3 6 11041 11544 11554 
1119 0 0 1 10692 11514 11563 
636 0 4 5 7074 11554 11564 
785 0 5 2 8175 11564 11574 
679 0 6 4 7374 11574 11585 
1065 0 7 3 10285 11585 11595 
775 0 1 1 8106 11606 11616 
1038 0 2 0 10084 11616 11626 
800 0 3 7 8285 11626 11636 
767 0 0 3 8047 11596 11645 
880 0 4 6 8897 11636 11646 
975 0 5 5 9608 11646 11656 
597 0 6 2 6773 11656 11666 
796 0 7 4 8271 11666 11676 
1091 0 1 3 10474 11688 11698 
1021 0 2 1 9955 11698 11708 
1048 0 3 0 10164 11708 11718 
813 0 0 4 8394 11677 11726 
1145 0 4 7 10874 11718 11728 
875 0 5 6 8871 11728 11738 
863 0 6 5 8767 11738 11748 
940 0 7 2 9333 11748 11758 
833 0 2 3 8535 11769 11779 
921 0 3 1 9201 11779 11789 
916 0 4 0 9159 11789 11799 
1055 0 0 2 10214 11759 11808 
1078 0 5 7 10380 11799 11810 
1022 0 6 6 9961 11810 11820 
1036 0 7 5 10062 11820 11830 
1138 0 1 2 10825 11841 11858 
1142 0 2 4 10859 11851 11861 
874 0 3 3 8842 11861 11871 
698 0 0 5 7510 11831 11880 
1060 0 4 1 10247 11871 11881 
1196 0 5 0 11256 11881 11891 
919 0 6 7 9181 11891 11901 
1097 0 7 6 10521 11901 11911 
825 0 1 5 8485 11923 11933 
1169 0 2 2 11046 11933 11943 
974 0 4 3 9608 11943 11953 
1069 0 0 6 10319 11913 11961 
933 0 5 1 9294 11953 11963 
1214 0 6 0 11390 11963 11973 
829 0 7 7 8518 11973 11983 
816 0 1 6 8418 11994 12012 
1215 0 2 4 11392 12004 12014 
1020 0 3 2 9943 12014 12024 
1047 0 0 7 10157 11984 12033 
901 0 5 3 9052 12024 12035 
1067 0 6 1 10290 12035 12045 
1107 0 7 0 10594 12045 12055 
1147 0 1 7 10882 12066 12083 
852 0 2 5 8689 12076 12086 
887 0 3 4 8944 12086 12096 
1293 0 0 0 12001 12056 12105 
828 0 4 2 8508 12096 12106 
1279 0 6 3 11884 12106 12116 
979 0 7 1 9634 12116 12126 
884 0 2 6 8926 12138 12148 
902 0 1 0 9056 12128 12155 
728 0 3 5 7729 12148 12158 
1051 0 4 4 10173 12158 12168 
794 0 5 2 8244 12168 12178 
1089 0 7 3 10462 12178 12188 
840 0 1 1 8593 12199 12209 
1195 0 2 7 11241 12209 12219 
1184 0 3 6 11170 12219 12229 
782 0 0 3 8156 12189 12238 
665 0 4 5 7278 12229 12240 
627 0 5 4 7007 12240 12250 
629 0 6 2 7011 12250 12260 
860 0 1 1 8754 12261 12271 
1046 0 2 0 10131 12271 12281 
834 0 3 7 8553 12281 12291 
888 0 4 6 8946 12291 12301 
1019 0 5 5 9942 12301 12311 
754 0 6 4 7957 12311 12321 
1017 0 7 2 9920 12321 12331 
1202 0 1 3 11303 12342 12352 
1102 0 2 1 10555 12352 12363 
1059 0 3 0 10239 12363 12373 
1164 0 4 7 11009 12373 12383 
953 0 5 6 9447 12383 12393 
899 0 6 5 9029 12393 12403 
862 0 7 4 8759 12403 12413 
