8 0 7 6 2104 2104 2117 
3 0 2 4 2104 2117 2127 
5 0 4 5 2104 2127 2137 
1 0 0 6 2103 2137 2167 
13 0 7 7 2158 2158 2168 
19 0 7 5 2214 2214 2227 
4 0 3 7 2104 2227 2237 
16 0 4 1 2171 2237 2247 
7 0 6 3 2104 2247 2257 
24 0 4 4 2238 2267 2277 
11 0 1 2 2151 2277 2287 
28 0 4 6 2279 2287 2297 
2 0 1 3 2103 2257 2307 
27 0 7 7 2276 2297 2307 
10 0 3 5 2150 2307 2317 
34 0 4 4 2326 2327 2337 
9 0 0 3 2143 2317 2357 
44 0 4 3 2393 2393 2407 
6 0 5 3 2104 2403 2460 
20 0 1 0 2217 2479 2490 
15 0 2 2 2167 2490 2500 
17 0 0 3 2193 2413 2510 
33 0 0 6 2308 2510 2520 
35 0 7 0 2327 2520 2540 
25 0 0 2 2253 2500 2550 
53 0 4 3 2469 2469 2560 
21 0 6 6 2223 2550 2570 
18 0 3 5 2210 2560 2570 
31 0 1 1 2295 2570 2580 
60 0 4 7 2529 2580 2590 
14 0 5 2 2161 2540 2600 
12 0 6 3 2152 2530 2610 
23 0 5 6 2229 2617 2627 
30 0 5 7 2291 2627 2640 
22 0 2 2 2227 2647 2657 
72 0 4 3 2607 2607 2660 
45 0 7 1 2396 2667 2677 
48 0 5 6 2417 2687 2697 
40 0 5 2 2365 2657 2707 
38 0 0 4 2352 2697 2707 
39 0 1 3 2360 2637 2710 
81 0 4 1 2670 2677 2727 
43 0 0 2 2393 2707 2757 
90 0 4 5 2749 2749 2759 
58 0 5 3 2496 2717 2760 
29 0 2 1 2280 2759 2777 
37 0 3 7 2337 2789 2799 
32 0 6 2 2301 2769 2807 
26 0 3 1 2266 2779 2827 
46 0 1 4 2407 2820 2830 
55 0 7 7 2475 2809 2849 
36 0 2 3 2336 2840 2850 
100 0 4 2 2811 2830 2857 
51 0 0 1 2456 2799 2877 
110 0 4 3 2887 2887 2900 
56 0 1 0 2477 2907 2917 
41 0 6 6 2376 2917 2927 
42 0 3 3 2390 2897 2953 
119 0 4 6 2959 2959 2977 
61 0 0 0 2533 2969 2979 
62 0 7 3 2534 2927 3003 
125 0 4 7 3008 3008 3018 
68 0 0 6 2580 3018 3028 
59 0 1 4 2520 3040 3050 
66 0 5 3 2562 3028 3054 
76 0 0 7 2628 3050 3068 
134 0 4 3 3067 3067 3105 
141 0 4 4 3120 3120 3130 
49 0 6 1 2423 3130 3140 
54 0 6 3 2474 3160 3170 
67 0 1 4 2565 3140 3180 
69 0 7 2 2589 3189 3199 
74 0 5 0 2622 3209 3219 
50 0 3 3 2437 3199 3220 
47 0 2 4 2408 3150 3230 
57 0 3 5 2493 3229 3239 
79 0 5 2 2666 3219 3249 
91 0 0 6 2751 3259 3269 
89 0 5 3 2738 3249 3270 
150 0 4 4 3179 3179 3280 
52 0 2 5 2463 3269 3289 
84 0 0 2 2708 3239 3299 
101 0 0 1 2819 3290 3300 
111 0 0 6 2887 3300 3320 
95 0 5 3 2779 3310 3320 
75 0 1 4 2627 3280 3330 
161 0 4 0 3252 3330 3340 
64 0 6 2 2548 3340 3350 
78 0 7 3 2665 3320 3370 
167 0 4 7 3296 3370 3380 
85 0 7 0 2714 3360 3390 
176 0 4 6 3371 3380 3390 
102 0 5 2 2819 3350 3400 
63 0 2 4 2543 3400 3410 
73 0 6 3 2618 3390 3420 
70 0 2 2 2596 3410 3450 
109 0 5 4 2884 3456 3466 
65 0 3 3 2559 3446 3470 
94 0 7 0 2776 3476 3486 
184 0 4 2 3426 3426 3500 
87 0 1 7 2734 3496 3507 
82 0 1 3 2684 3466 3521 
103 0 7 0 2828 3507 3537 
117 0 0 5 2930 3537 3547 
83 0 6 2 2689 3436 3550 
98 0 6 7 2797 3517 3557 
126 0 0 4 3009 3547 3557 
92 0 6 3 2757 3486 3571 
107 0 1 5 2861 3567 3597 
104 0 6 2 2846 3587 3600 
96 0 1 4 2787 3557 3607 
112 0 6 7 2893 3597 3607 
77 0 2 3 2648 3527 3621 
86 0 2 5 2727 3577 3647 
113 0 1 2 2912 3637 3650 
120 0 1 4 2962 3647 3657 
118 0 6 6 2949 3657 3668 
129 0 6 3 3023 3668 3678 
108 0 7 0 2883 3678 3688 
189 0 4 5 3475 3607 3697 
121 0 5 2 2963 3688 3701 
130 0 1 1 3028 3698 3708 
99 0 2 4 2807 3708 3718 
135 0 6 7 3081 3728 3738 
93 0 2 5 2767 3617 3747 
206 0 4 2 3615 3718 3751 
137 0 1 0 3087 3748 3758 
127 0 5 3 3011 3768 3778 
197 0 4 5 3544 3627 3797 
214 0 4 2 3677 3738 3801 
71 0 3 0 2600 3758 3808 
80 0 3 3 2667 3819 3829 
153 0 1 4 3195 3829 3839 
222 0 4 5 3742 3799 3847 
145 0 1 2 3137 3778 3851 
105 0 2 0 2853 3789 3858 
88 0 3 7 2735 3859 3869 
116 0 2 4 2929 3849 3889 
97 0 3 6 2788 3879 3889 
115 0 7 5 2927 3839 3897 
170 0 1 1 3315 3889 3899 
136 0 5 0 3083 3809 3909 
162 0 1 4 3269 3869 3939 
233 0 4 6 3815 3909 3939 
239 0 4 7 3856 3930 3940 
143 0 5 1 3127 3899 3949 
142 0 6 0 3123 3940 3959 
133 0 0 3 3054 3950 3960 
106 0 3 2 2856 3960 3970 
122 0 2 6 2974 3920 3989 
114 0 3 4 2923 3990 4000 
178 0 1 3 3384 3970 4010 
187 0 1 7 3454 4000 4010 
151 0 5 1 3181 4030 4040 
243 0 4 4 3896 4010 4050 
152 0 0 0 3189 4040 4051 
144 0 0 3 3130 3980 4060 
168 0 6 1 3304 4061 4091 
128 0 2 2 3022 4081 4091 
158 0 6 0 3230 4051 4101 
149 0 6 3 3173 4020 4110 
146 0 2 6 3159 4111 4121 
140 0 2 1 3103 4091 4141 
156 0 5 5 3225 4131 4141 
131 0 3 7 3045 4141 4151 
123 0 7 3 2978 4071 4160 
138 0 3 6 3100 4151 4171 
159 0 0 2 3232 4162 4172 
251 0 4 1 3945 4101 4191 
196 0 1 5 3526 4172 4191 
124 0 3 3 3000 4121 4210 
179 0 6 4 3385 4202 4212 
169 0 5 6 3305 4192 4221 
157 0 2 2 3227 4182 4222 
185 0 6 7 3433 4242 4252 
177 0 5 4 3375 4212 4262 
259 0 4 6 4012 4252 4272 
164 0 0 0 3284 4262 4272 
268 0 4 3 4089 4272 4283 
186 0 5 4 3451 4222 4312 
171 0 2 1 3321 4303 4313 
194 0 5 0 3516 4293 4323 
277 0 4 7 4161 4323 4333 
163 0 2 4 3272 4232 4362 
172 0 0 1 3329 4333 4363 
286 0 4 2 4214 4363 4373 
148 0 3 3 3168 4383 4393 
193 0 6 4 3505 4283 4412 
200 0 6 1 3574 4343 4413 
220 0 5 0 3718 4403 4413 
202 0 5 2 3578 4373 4423 
227 0 5 7 3761 4413 4423 
212 0 5 3 3650 4393 4443 
174 0 2 4 3363 4313 4462 
294 0 4 0 4275 4433 4463 
155 0 3 7 3221 4443 4473 
190 0 0 1 3478 4474 4484 
181 0 0 3 3407 4423 4493 
203 0 1 4 3584 4353 4512 
201 0 2 7 3574 4484 4523 
165 0 3 5 3287 4524 4534 
191 0 2 3 3494 4464 4543 
207 0 6 0 3631 4534 4544 
219 0 1 2 3704 4544 4554 
182 0 2 4 3420 4454 4562 
217 0 6 1 3691 4554 4564 
211 0 2 7 3647 4494 4574 
198 0 0 5 3556 4574 4584 
228 0 6 2 3770 4595 4605 
139 0 7 4 3103 4584 4612 
147 0 7 1 3163 4605 4615 
132 0 7 7 3048 4504 4624 
216 0 2 2 3688 4615 4655 
175 0 3 1 3364 4625 4665 
232 0 2 5 3808 4655 4665 
209 0 1 7 3639 4514 4674 
235 0 6 3 3829 4665 4675 
154 0 7 4 3205 4685 4695 
302 0 4 2 4331 4635 4705 
308 0 4 1 4373 4675 4715 
237 0 5 7 3841 4564 4724 
249 0 2 5 3936 4715 4725 
160 0 7 2 3250 4736 4755 
224 0 2 7 3750 4645 4774 
226 0 1 5 3754 4725 4776 
183 0 3 1 3421 4776 4786 
231 0 1 2 3807 4756 4805 
265 0 2 6 4065 4796 4806 
205 0 0 0 3601 4806 4816 
246 0 5 7 3920 4695 4824 
240 0 1 5 3875 4816 4826 
245 0 6 1 3907 4786 4836 
250 0 1 4 3943 4826 4836 
166 0 7 2 3293 4766 4855 
242 0 2 7 3886 4705 4874 
274 0 2 5 4131 4846 4876 
213 0 0 3 3672 4867 4877 
281 0 2 1 4177 4857 4886 
258 0 2 7 4010 4746 4924 
223 0 0 1 3748 4887 4936 
267 0 1 6 4083 4947 4957 
314 0 4 4 4435 4957 4967 
260 0 1 7 4019 4836 4974 
293 0 2 3 4275 4967 4977 
261 0 6 1 4041 4897 4986 
262 0 5 5 4045 4998 5008 
278 0 1 2 4161 5008 5018 
253 0 6 7 3961 4877 5024 
300 0 2 3 4321 4977 5027 
288 0 2 1 4225 4937 5036 
289 0 1 4 4232 5038 5048 
199 0 3 5 3570 5018 5058 
173 0 7 0 3359 5048 5058 
192 0 3 7 3499 4907 5074 
309 0 2 3 4384 4987 5077 
180 0 7 1 3404 5058 5086 
230 0 0 6 3796 5078 5088 
323 0 4 5 4498 5108 5118 
254 0 5 7 3995 4917 5124 
317 0 2 3 4441 5068 5128 
305 0 1 0 4360 5118 5128 
297 0 1 6 4292 5098 5138 
188 0 7 4 3470 5128 5138 
269 0 6 7 4099 4927 5174 
210 0 3 3 3645 5088 5178 
321 0 1 2 4478 5169 5179 
238 0 0 6 3853 5138 5188 
332 0 4 1 4559 5179 5189 
248 0 0 4 3933 5199 5209 
270 0 5 7 4100 5028 5225 
312 0 1 3 4407 5159 5228 
275 0 5 6 4144 5149 5238 
276 0 6 1 4150 5209 5239 
283 0 6 4 4192 5249 5259 
218 0 3 3 3700 5219 5278 
348 0 4 2 4671 5269 5279 
328 0 1 6 4533 5189 5288 
336 0 1 1 4588 5239 5289 
285 0 5 0 4213 5279 5290 
326 0 2 4 4511 5300 5310 
339 0 4 3 4610 5229 5328 
195 0 7 2 3520 5290 5330 
221 0 3 1 3742 5259 5339 
204 0 7 0 3593 5330 5340 
290 0 6 6 4234 5340 5350 
229 0 3 4 3783 5310 5360 
257 0 0 3 4006 5320 5378 
295 0 6 0 4278 5360 5390 
266 0 0 6 4066 5350 5400 
291 0 5 4 4257 5370 5410 
301 0 5 2 4325 5400 5411 
272 0 0 3 4117 5380 5428 
330 0 2 5 4554 5421 5431 
303 0 6 6 4336 5441 5451 
208 0 7 2 3639 5411 5461 
344 0 1 3 4652 5390 5478 
357 0 4 5 4744 5451 5481 
363 0 4 0 4792 5471 5481 
279 0 0 3 4164 5431 5528 
311 0 5 5 4392 5461 5531 
313 0 6 0 4412 5481 5531 
236 0 3 2 3831 5541 5552 
338 0 6 1 4609 5562 5572 
284 0 0 3 4211 5511 5578 
320 0 5 5 4472 5501 5581 
319 0 6 0 4467 5491 5581 
372 0 1 4 4858 5592 5602 
342 0 2 1 4622 5572 5622 
352 0 1 3 4720 5521 5628 
350 0 2 5 4679 5582 5631 
362 0 1 0 4783 5552 5631 
244 0 3 6 3897 5622 5632 
215 0 7 2 3679 5632 5642 
373 0 4 4 4871 5612 5652 
329 0 6 3 4541 5531 5678 
252 0 3 0 3956 5652 5681 
359 0 2 1 4758 5672 5682 
335 0 5 2 4579 5642 5692 
380 0 1 5 4929 5682 5692 
296 0 0 7 4290 5692 5702 
263 0 3 6 4052 5702 5713 
327 0 5 3 4516 5602 5729 
256 0 3 0 3999 5662 5731 
340 0 5 1 4620 5713 5732 
225 0 7 2 3752 5733 5743 
271 0 3 6 4104 5723 5763 
280 0 3 5 4174 5753 5763 
367 0 2 3 4823 5743 5779 
381 0 4 1 4936 5763 5783 
349 0 5 4 4673 5803 5813 
307 0 0 2 4370 5813 5823 
387 0 4 3 4988 5773 5829 
287 0 3 5 4221 5823 5833 
351 0 6 0 4710 5833 5843 
395 0 4 1 5056 5854 5864 
389 0 1 3 4996 5783 5879 
402 0 4 2 5115 5874 5884 
399 0 1 0 5075 5843 5894 
375 0 2 5 4900 5894 5904 
234 0 7 1 3821 5864 5914 
345 0 6 3 4662 5793 5929 
356 0 5 2 4740 5884 5934 
365 0 5 0 4804 5914 5944 
406 0 1 6 5124 5934 5944 
318 0 0 5 4445 5924 5954 
412 0 4 1 5191 5944 5964 
241 0 7 3 3886 5965 5979 
298 0 3 2 4295 5904 5984 
306 0 3 0 4370 5954 5994 
421 0 4 4 5266 5985 5995 
358 0 6 7 4753 6015 6025 
325 0 3 3 4509 6005 6029 
382 0 2 2 4949 5975 6034 
247 0 7 4 3932 6045 6055 
391 0 2 7 5016 6035 6075 
324 0 0 3 4500 6025 6079 
315 0 3 2 4436 5995 6084 
415 0 1 4 5194 6065 6105 
341 0 0 0 4622 6096 6106 
346 0 0 5 4669 6106 6116 
429 0 4 7 5317 6055 6125 
334 0 3 1 4579 6116 6126 
255 0 7 6 3996 6126 6136 
354 0 3 5 4721 6146 6166 
422 0 1 0 5269 6156 6166 
369 0 5 7 4846 6075 6175 
343 0 3 6 4644 6136 6186 
273 0 7 1 4126 6176 6187 
431 0 1 4 5324 6187 6197 
264 0 7 5 4064 6166 6216 
282 0 7 3 4178 6207 6217 
333 0 0 7 4574 6086 6225 
353 0 0 0 4721 6217 6227 
360 0 3 6 4763 6197 6236 
292 0 7 1 4257 6247 6257 
366 0 3 3 4813 6227 6267 
398 0 2 4 5073 6257 6267 
439 0 1 2 5385 6267 6277 
368 0 6 6 4825 6237 6286 
361 0 0 5 4779 6297 6307 
447 0 1 4 5453 6277 6317 
379 0 5 6 4924 6287 6336 
440 0 4 5 5391 6307 6358 
370 0 0 0 4852 6358 6368 
388 0 5 6 4992 6318 6386 
444 0 4 1 5434 6388 6398 
374 0 3 5 4884 6328 6408 
453 0 1 7 5507 6398 6408 
404 0 2 6 5120 6338 6437 
376 0 6 5 4905 6348 6458 
299 0 7 7 4308 6408 6458 
390 0 3 3 5012 6449 6459 
377 0 0 4 4914 6459 6469 
384 0 6 6 4972 6378 6487 
459 0 4 1 5541 6479 6489 
467 0 4 2 5601 6489 6499 
383 0 3 5 4949 6368 6508 
411 0 2 7 5182 6469 6509 
420 0 2 4 5257 6519 6530 
304 0 7 6 4348 6418 6537 
393 0 6 2 5030 6509 6549 
451 0 4 5 5480 6429 6558 
385 0 0 7 4973 6499 6559 
473 0 1 1 5642 6570 6580 
396 0 3 0 5063 6580 6590 
405 0 0 2 5121 6560 6599 
403 0 3 4 5117 6590 6600 
464 0 1 5 5582 6439 6608 
397 0 5 6 5070 6600 6610 
483 0 4 2 5718 6620 6649 
476 0 4 5 5664 6530 6658 
414 0 3 3 5193 6650 6661 
401 0 6 4 5094 6661 6671 
407 0 5 7 5125 6681 6691 
427 0 3 0 5292 6691 6701 
310 0 7 5 4389 6540 6708 
419 0 3 3 5251 6671 6711 
446 0 2 7 5442 6731 6741 
316 0 7 0 4438 6701 6751 
394 0 0 5 5048 6550 6758 
479 0 1 2 5685 6751 6761 
454 0 2 7 5507 6771 6791 
443 0 3 0 5428 6741 6801 
413 0 0 5 5192 6610 6808 
331 0 7 3 4557 6802 6812 
489 0 1 1 5754 6812 6822 
491 0 4 2 5772 6822 6832 
425 0 6 7 5273 6842 6852 
428 0 2 5 5298 6630 6858 
452 0 3 3 5502 6852 6862 
433 0 0 0 5341 6862 6872 
436 0 2 5 5373 6640 6910 
506 0 4 3 5862 6872 6912 
347 0 7 6 4670 6902 6912 
434 0 6 1 5346 6923 6933 
410 0 5 0 5174 6933 6943 
435 0 3 5 5352 6711 6960 
515 0 4 3 5917 6882 6962 
450 0 6 1 5473 6974 6984 
442 0 6 0 5421 6954 6994 
456 0 6 2 5516 6994 7004 
409 0 6 5 5160 6721 7010 
355 0 7 3 4723 6943 7012 
508 0 1 4 5872 7004 7014 
441 0 0 1 5394 6984 7034 
371 0 7 0 4855 7034 7044 
445 0 0 2 5440 7024 7054 
378 0 7 6 4916 7044 7054 
322 0 7 5 4481 6761 7060 
461 0 3 3 5554 6964 7062 
364 0 7 1 4792 7014 7084 
417 0 5 6 5220 7054 7104 
416 0 6 5 5200 6781 7110 
517 0 1 3 5947 7064 7112 
460 0 0 7 5548 7105 7115 
520 0 4 4 5968 7135 7145 
469 0 0 6 5609 7115 7154 
424 0 0 5 5271 6791 7160 
468 0 3 3 5605 7074 7162 
423 0 5 7 5269 7145 7165 
392 0 7 0 5018 7195 7205 
500 0 4 5 5822 6832 7210 
455 0 0 3 5508 7095 7212 
532 0 1 7 6057 7165 7215 
486 0 0 4 5739 7205 7215 
432 0 5 2 5325 7215 7225 
438 0 5 1 5384 7225 7235 
337 0 7 5 4601 6892 7260 
465 0 6 3 5592 7125 7262 
538 0 1 4 6097 7245 7265 
544 0 1 0 6150 7266 7276 
537 0 4 1 6091 7256 7285 
507 0 0 6 5867 7296 7306 
498 0 1 5 5817 6912 7311 
462 0 2 3 5559 7185 7313 
400 0 7 7 5090 7306 7316 
472 0 6 0 5637 7286 7326 
408 0 7 1 5158 7326 7336 
386 0 7 5 4978 7084 7361 
495 0 0 3 5803 7276 7363 
449 0 5 7 5463 7336 7366 
470 0 2 4 5613 7356 7367 
477 0 2 2 5672 7367 7377 
525 0 1 5 6014 7155 7411 
484 0 2 3 5725 7377 7413 
552 0 1 7 6227 7397 7416 
494 0 6 2 5800 7387 7427 
493 0 2 4 5784 7437 7447 
550 0 4 6 6200 7447 7457 
478 0 0 5 5674 7175 7461 
543 0 4 7 6141 7427 7466 
510 0 0 2 5907 7407 7477 
475 0 3 3 5662 7477 7487 
529 0 4 5 6043 7235 7511 
502 0 6 7 5853 7487 7516 
559 0 4 2 6276 7457 7527 
501 0 2 3 5834 7507 7537 
481 0 6 5 5701 7316 7561 
567 0 1 7 6335 7548 7567 
518 0 0 2 5957 7467 7577 
590 0 4 0 6501 7568 7578 
558 0 1 3 6269 7537 7587 
430 0 7 1 5323 7588 7598 
509 0 2 4 5876 7598 7608 
488 0 6 5 5754 7346 7611 
426 0 7 7 5278 7558 7617 
514 0 2 6 5917 7608 7618 
580 0 4 2 6427 7527 7627 
457 0 5 1 5520 7618 7648 
519 0 2 4 5967 7638 7658 
418 0 7 5 5230 7417 7661 
607 0 4 7 6628 7648 7667 
577 0 1 2 6415 7628 7677 
522 0 6 0 5987 7668 7679 
526 0 0 3 6025 7679 7689 
530 0 2 4 6047 7658 7708 
513 0 6 5 5917 7497 7711 
531 0 6 0 6056 7709 7729 
533 0 0 3 6066 7699 7739 
536 0 2 4 6087 7739 7758 
586 0 1 6 6482 7749 7759 
569 0 4 5 6348 7517 7761 
492 0 3 1 5773 7759 7769 
623 0 4 0 6730 7719 7779 
629 0 4 3 6771 7769 7789 
598 0 4 5 6558 7578 7811 
485 0 3 0 5729 7729 7829 
640 0 4 3 6848 7779 7839 
499 0 3 4 5818 7830 7840 
437 0 7 2 5383 7840 7850 
615 0 4 5 6681 7689 7861 
649 0 4 0 6926 7789 7879 
474 0 5 7 5645 7870 7880 
541 0 0 6 6132 7880 7890 
448 0 7 2 5457 7860 7900 
660 0 4 1 7018 7900 7910 
466 0 5 5 5595 7820 7911 
654 0 4 0 6970 7799 7929 
505 0 3 7 5861 7910 7930 
458 0 7 6 5522 7920 7940 
597 0 1 2 6558 7890 7950 
551 0 6 5 6208 7850 7962 
540 0 6 0 6131 7810 7979 
546 0 2 7 6167 7930 7980 
463 0 7 6 5574 7951 7990 
566 0 6 4 6323 8001 8011 
613 0 1 5 6668 7961 8012 
604 0 1 0 6611 7940 8029 
512 0 3 6 5916 8011 8040 
671 0 4 3 7086 8031 8041 
471 0 7 2 5635 8052 8062 
549 0 0 5 6192 7971 8062 
560 0 6 0 6281 7981 8079 
487 0 5 3 5753 8062 8091 
628 0 1 1 6767 8092 8102 
556 0 0 2 6241 8072 8112 
621 0 1 5 6708 8041 8112 
565 0 0 4 6311 8102 8112 
480 0 5 0 5698 7991 8129 
521 0 3 6 5981 8122 8132 
585 0 6 7 6463 8132 8142 
497 0 5 3 5815 8152 8162 
677 0 4 2 7142 8162 8172 
573 0 6 0 6372 8021 8179 
688 0 4 5 7214 8172 8183 
571 0 0 4 6364 8142 8212 
637 0 1 3 6835 8193 8212 
563 0 2 6 6308 8203 8213 
482 0 7 0 5708 8082 8230 
535 0 3 1 6082 8233 8243 
490 0 7 4 5762 8213 8262 
570 0 2 3 6353 8243 8263 
579 0 0 5 6423 8253 8263 
555 0 2 0 6234 8183 8280 
545 0 3 2 6156 8293 8303 
496 0 7 4 5808 8263 8312 
587 0 0 5 6488 8273 8313 
647 0 1 6 6905 8303 8313 
527 0 3 0 6032 8223 8330 
554 0 3 2 6231 8313 8353 
516 0 5 1 5921 8344 8354 
503 0 5 4 5858 8283 8362 
594 0 0 5 6532 8374 8384 
696 0 4 1 7266 8364 8404 
504 0 7 4 5859 8323 8412 
710 0 4 6 7378 8404 8414 
524 0 5 7 5995 8414 8424 
576 0 2 5 6404 8384 8434 
511 0 7 0 5909 8424 8434 
719 0 4 3 7441 8434 8444 
656 0 1 4 6977 8333 8463 
534 0 5 6 6067 8454 8464 
523 0 7 0 5989 8444 8484 
592 0 6 5 6515 8474 8485 
528 0 7 3 6036 8495 8505 
562 0 3 4 6293 8354 8513 
664 0 1 6 7038 8485 8514 
602 0 6 7 6581 8505 8515 
734 0 4 1 7566 8515 8525 
539 0 7 0 6115 8525 8535 
704 0 4 4 7326 8394 8563 
742 0 4 6 7611 8555 8565 
584 0 2 1 6459 8545 8575 
593 0 2 3 6516 8565 8575 
728 0 4 4 7518 8464 8613 
542 0 5 3 6140 8575 8625 
568 0 3 1 6339 8616 8626 
758 0 4 7 7747 8636 8646 
601 0 0 4 6580 8535 8663 
750 0 4 3 7680 8595 8675 
635 0 6 5 6827 8666 8676 
645 0 6 1 6897 8676 8686 
618 0 6 7 6703 8646 8696 
609 0 0 4 6638 8585 8713 
669 0 1 3 7080 8696 8726 
655 0 6 0 6973 8716 8726 
575 0 3 1 6391 8726 8736 
557 0 7 7 6246 8706 8746 
547 0 7 4 6180 8605 8763 
553 0 5 6 6231 8756 8766 
620 0 0 0 6707 8766 8776 
665 0 6 1 7053 8746 8786 
548 0 5 7 6189 8736 8796 
630 0 0 2 6780 8787 8797 
612 0 6 4 6654 8626 8813 
610 0 2 3 6643 8827 8837 
564 0 7 7 6310 8797 8846 
574 0 7 1 6388 8837 8847 
680 0 1 5 7157 8847 8857 
627 0 6 4 6756 8656 8863 
583 0 7 6 6448 8867 8877 
636 0 0 3 6829 8877 8887 
674 0 6 7 7120 8817 8896 
600 0 2 4 6565 8686 8913 
581 0 3 0 6431 8917 8927 
685 0 1 7 7201 8857 8946 
689 0 6 5 7230 8947 8957 
766 0 4 4 7797 8776 8963 
617 0 2 3 6694 8957 8968 
591 0 3 0 6501 8927 8977 
691 0 1 6 7243 8968 8978 
589 0 7 7 6501 8887 8996 
773 0 4 4 7860 8807 9013 
624 0 2 3 6734 8978 9018 
785 0 4 0 7932 8988 9028 
595 0 7 6 6544 9028 9038 
681 0 6 7 7174 8937 9046 
606 0 3 5 6620 9038 9048 
643 0 0 4 6878 8897 9063 
663 0 0 3 7035 9018 9068 
672 0 0 0 7107 9048 9078 
599 0 3 7 6560 8998 9096 
720 0 1 5 7447 9068 9098 
679 0 0 1 7157 9089 9099 
652 0 0 4 6958 8907 9114 
790 0 4 3 7994 9099 9118 
706 0 6 6 7350 9109 9119 
614 0 3 0 6672 9119 9129 
632 0 2 7 6790 9129 9147 
700 0 6 5 7302 9079 9148 
714 0 6 2 7407 9139 9149 
622 0 3 1 6715 9149 9159 
703 0 1 4 7310 9008 9164 
631 0 3 3 6787 9159 9169 
684 0 0 2 7197 9169 9199 
642 0 3 5 6865 9190 9200 
693 0 0 1 7253 9180 9209 
712 0 1 4 7388 9058 9214 
651 0 3 0 6939 9210 9220 
561 0 5 6 6293 9220 9230 
638 0 2 5 6836 9200 9250 
698 0 0 1 7295 9230 9259 
803 0 4 7 8062 9250 9260 
661 0 3 4 7018 9240 9264 
814 0 4 6 8161 9270 9280 
809 0 4 5 8116 9260 9300 
644 0 2 7 6892 9280 9310 
605 0 7 4 6611 9290 9314 
668 0 3 6 7076 9300 9330 
721 0 6 0 7448 9321 9331 
658 0 2 7 6993 9351 9361 
650 0 2 4 6936 9310 9364 
675 0 3 5 7129 9361 9371 
708 0 0 0 7356 9341 9381 
730 0 6 2 7523 9371 9381 
572 0 5 1 6371 9381 9391 
823 0 4 4 8234 9331 9414 
667 0 2 5 7071 9401 9421 
717 0 0 0 7432 9391 9431 
611 0 7 7 6653 9421 9432 
831 0 4 3 8308 9432 9442 
690 0 3 2 7235 9442 9452 
682 0 3 4 7186 9411 9464 
842 0 4 0 8378 9462 9481 
848 0 4 5 8423 9472 9482 
697 0 3 3 7284 9452 9492 
683 0 2 2 7189 9502 9512 
673 0 2 4 7120 9482 9514 
725 0 0 5 7488 9492 9532 
726 0 1 3 7517 9512 9542 
738 0 6 7 7582 9532 9542 
859 0 4 2 8496 9522 9562 
694 0 2 5 7256 9573 9583 
736 0 1 3 7577 9553 9592 
745 0 6 7 7643 9542 9593 
865 0 4 6 8548 9583 9593 
732 0 0 2 7533 9563 9612 
582 0 5 0 6439 9613 9623 
753 0 6 5 7719 9603 9633 
743 0 1 1 7620 9623 9633 
871 0 4 7 8591 9593 9643 
588 0 5 4 6494 9653 9663 
751 0 1 5 7682 9633 9683 
741 0 0 1 7608 9663 9683 
596 0 5 6 6551 9673 9684 
705 0 3 7 7336 9684 9694 
760 0 1 3 7762 9694 9704 
762 0 6 0 7776 9704 9714 
702 0 2 5 7309 9643 9733 
707 0 2 7 7355 9724 9744 
713 0 3 4 7390 9734 9744 
723 0 3 0 7470 9744 9764 
716 0 2 2 7419 9764 9774 
749 0 0 5 7672 9714 9783 
770 0 6 6 7826 9784 9794 
879 0 4 1 8643 9794 9804 
754 0 0 2 7723 9774 9824 
886 0 4 0 8700 9814 9824 
603 0 5 5 6591 9754 9833 
608 0 5 6 6638 9834 9844 
767 0 1 1 7813 9824 9854 
727 0 3 7 7518 9844 9855 
619 0 7 3 6703 9855 9865 
896 0 4 2 8780 9865 9875 
724 0 2 5 7474 9804 9883 
626 0 7 7 6743 9885 9905 
775 0 1 4 7875 9895 9905 
761 0 0 3 7763 9875 9915 
779 0 6 0 7888 9905 9915 
783 0 6 6 7930 9915 9925 
782 0 1 2 7923 9925 9935 
794 0 1 1 8001 9935 9945 
733 0 2 4 7534 9955 9965 
795 0 6 0 8006 9965 9975 
768 0 0 1 7814 9945 9995 
802 0 1 6 8058 9985 9996 
774 0 0 0 7868 9975 10025 
902 0 4 7 8825 10016 10026 
735 0 2 6 7574 9996 10046 
912 0 4 3 8902 10036 10046 
799 0 6 7 8051 10026 10076 
806 0 1 1 8098 10076 10086 
786 0 0 6 7935 10006 10096 
740 0 3 5 7592 10086 10096 
793 0 0 3 7997 10096 10106 
807 0 6 7 8112 10046 10126 
748 0 3 0 7669 10116 10126 
634 0 7 1 6803 10106 10136 
616 0 5 6 6687 10056 10146 
759 0 3 4 7748 10136 10147 
822 0 1 2 8225 10147 10157 
633 0 5 3 6794 10157 10167 
625 0 5 7 6740 10066 10176 
815 0 1 1 8170 10126 10186 
641 0 7 6 6861 10177 10196 
829 0 1 2 8280 10167 10207 
639 0 5 4 6848 10197 10207 
646 0 5 5 6899 10207 10217 
918 0 4 1 8953 10187 10236 
744 0 2 0 7628 10227 10237 
925 0 4 6 8994 10237 10247 
648 0 7 2 6916 10217 10257 
769 0 3 5 7817 10257 10267 
657 0 7 1 6985 10247 10286 
935 0 4 0 9074 10267 10287 
780 0 3 6 7892 10277 10297 
817 0 6 3 8185 10287 10297 
662 0 7 4 7026 10297 10307 
752 0 2 7 7682 10307 10317 
826 0 6 1 8257 10328 10338 
837 0 1 2 8343 10338 10348 
835 0 6 4 8336 10348 10358 
804 0 0 7 8067 10317 10368 
670 0 7 2 7082 10358 10398 
844 0 1 6 8388 10388 10398 
843 0 6 3 8382 10398 10408 
755 0 2 7 7725 10368 10418 
787 0 3 0 7940 10418 10428 
765 0 2 2 7797 10378 10448 
776 0 2 6 7876 10408 10448 
653 0 5 3 6960 10438 10458 
858 0 1 5 8494 10448 10458 
852 0 1 2 8449 10428 10498 
659 0 5 1 7007 10489 10499 
849 0 6 3 8428 10458 10508 
676 0 7 5 7133 10479 10508 
781 0 2 2 7919 10468 10548 
944 0 4 1 9139 10539 10549 
686 0 7 5 7206 10499 10558 
864 0 6 4 8539 10549 10559 
666 0 5 6 7069 10569 10579 
692 0 7 0 7247 10579 10589 
796 0 3 2 8010 10509 10598 
800 0 3 7 8052 10599 10609 
874 0 6 6 8610 10589 10629 
819 0 0 1 8200 10619 10629 
882 0 6 0 8680 10609 10639 
955 0 4 5 9217 10629 10640 
856 0 6 2 8475 10519 10648 
808 0 2 3 8113 10660 10670 
805 0 3 1 8092 10650 10680 
816 0 2 4 8172 10670 10680 
789 0 2 2 7990 10529 10698 
834 0 2 0 8325 10690 10700 
824 0 2 3 8247 10680 10720 
699 0 7 6 7300 10710 10720 
812 0 0 2 8142 10559 10748 
828 0 0 0 8268 10700 10750 
893 0 6 4 8750 10740 10750 
813 0 3 6 8151 10720 10770 
869 0 1 5 8565 10760 10770 
798 0 2 2 8049 10640 10798 
961 0 4 0 9270 10730 10800 
709 0 7 6 7375 10781 10820 
821 0 3 5 8210 10770 10821 
722 0 7 2 7464 10801 10848 
968 0 4 0 9311 10750 10850 
715 0 7 5 7415 10791 10871 
850 0 2 7 8438 10871 10881 
678 0 5 2 7145 10851 10898 
838 0 0 0 8347 10811 10900 
687 0 5 6 7213 10901 10911 
841 0 2 5 8372 10841 10921 
731 0 7 4 7524 10911 10921 
875 0 1 7 8612 10881 10931 
739 0 7 1 7586 10931 10941 
847 0 0 2 8405 10861 10949 
977 0 4 0 9388 10821 10950 
908 0 6 5 8857 10921 10971 
983 0 4 4 9428 10962 10972 
695 0 5 7 7263 10941 10981 
827 0 3 6 8263 10972 10982 
853 0 0 2 8453 10891 10999 
899 0 6 0 8801 10831 11000 
757 0 7 5 7733 10992 11021 
746 0 7 4 7653 10982 11022 
883 0 1 2 8681 10952 11049 
1001 0 4 3 9551 11042 11052 
991 0 4 5 9478 11002 11071 
890 0 1 4 8735 11022 11072 
764 0 7 6 7794 11062 11072 
772 0 7 7 7845 11082 11092 
863 0 0 2 8529 11012 11099 
857 0 2 0 8489 11102 11113 
872 0 0 5 8603 11092 11121 
833 0 3 4 8315 11052 11122 
922 0 6 6 8985 11072 11122 
917 0 6 2 8934 11032 11149 
840 0 3 3 8369 11153 11163 
897 0 1 5 8782 11113 11171 
778 0 7 4 7887 11123 11172 
904 0 1 0 8847 11173 11183 
867 0 2 2 8555 11143 11199 
1222 0 5 3 11215 0 0 
784 0 7 4 7931 11133 11222 
884 0 0 0 8682 11213 11233 
711 0 5 5 7385 11233 11243 
930 0 6 2 9035 11163 11249 
792 0 7 1 7997 11254 11264 
924 0 1 4 8993 11193 11272 
701 0 5 0 7306 11223 11283 
900 0 0 3 8809 11274 11284 
931 0 1 5 9038 11243 11294 
915 0 1 2 8925 11183 11299 
938 0 1 4 9086 11284 11322 
892 0 0 0 8747 11264 11333 
907 0 0 3 8856 11304 11334 
895 0 2 1 8776 11334 11344 
877 0 2 2 8621 11203 11349 
887 0 2 4 8700 11324 11372 
945 0 1 0 9140 11294 11383 
801 0 7 1 8054 11344 11394 
913 0 0 2 8911 11375 11399 
921 0 0 3 8959 11405 11415 
952 0 1 4 9206 11354 11422 
825 0 7 7 8255 11415 11425 
718 0 5 0 7441 11314 11433 
811 0 7 1 8132 11364 11444 
818 0 7 2 8192 11385 11449 
729 0 5 3 7521 11435 11465 
851 0 3 4 8449 11425 11473 
737 0 5 1 7579 11465 11494 
937 0 6 2 9076 11395 11499 
861 0 3 6 8508 11495 11506 
756 0 5 0 7726 11506 11516 
964 0 1 4 9283 11455 11523 
942 0 6 7 9129 11516 11526 
1011 0 4 3 9631 11536 11546 
929 0 0 2 9033 11445 11549 
870 0 3 0 8572 11526 11566 
839 0 7 4 8349 11546 11573 
954 0 6 7 9207 11566 11576 
1026 0 4 1 9742 11576 11586 
846 0 7 3 8392 11586 11596 
832 0 7 2 8309 11475 11600 
763 0 5 0 7780 11596 11616 
876 0 3 7 8616 11616 11626 
959 0 6 6 9256 11637 11647 
747 0 5 2 7658 11485 11650 
771 0 5 0 7837 11647 11666 
1034 0 4 4 9801 11657 11667 
1047 0 4 5 9901 11687 11697 
1018 0 4 2 9688 11556 11700 
940 0 0 4 9102 11667 11717 
788 0 5 1 7953 11707 11717 
905 0 2 2 8851 11606 11750 
797 0 5 6 8049 11747 11757 
1053 0 4 4 9956 11717 11767 
860 0 7 1 8505 11727 11767 
866 0 7 5 8554 11767 11777 
854 0 7 2 8454 11626 11800 
791 0 5 1 7995 11737 11820 
820 0 5 6 8208 11810 11833 
947 0 0 0 9152 11823 11833 
873 0 7 4 8610 11833 11844 
1040 0 4 2 9848 11677 11850 
1062 0 4 1 10022 11777 11870 
1069 0 4 6 10070 11864 11883 
880 0 7 0 8657 11854 11884 
953 0 0 5 9207 11884 11894 
777 0 5 2 7884 11697 11900 
966 0 6 1 9305 11787 11920 
976 0 6 6 9382 11904 11934 
975 0 1 3 9376 11924 11934 
985 0 1 0 9438 11934 11944 
810 0 5 2 8128 11757 11950 
996 0 1 5 9518 11944 11954 
972 0 1 1 9335 11797 11970 
1103 0 4 4 10305 11964 11974 
984 0 6 7 9429 11984 11994 
1075 0 4 2 10115 11874 12000 
888 0 7 5 8720 11974 12004 
881 0 3 1 8671 11843 12020 
958 0 0 4 9247 12005 12024 
967 0 0 0 9308 12025 12035 
1083 0 4 2 10172 11894 12050 
830 0 5 1 8281 11914 12071 
1111 0 4 0 10381 12035 12085 
936 0 2 6 9075 12075 12085 
1008 0 6 5 9623 12085 12095 
994 0 6 2 9502 12015 12100 
973 0 0 4 9352 12095 12105 
