1 0 0 7 2626 2626 2639 
2 0 1 1 2626 2639 2649 
4 0 3 2 2626 2659 2669 
3 0 2 1 2626 2649 2699 
8 0 7 3 2627 2699 2709 
6 0 5 2 2627 2679 2719 
14 0 1 6 2689 2719 2729 
12 0 2 7 2685 2729 2739 
5 0 4 1 2626 2669 2749 
15 0 3 3 2698 2739 2759 
7 0 6 2 2627 2689 2769 
9 0 5 4 2673 2759 2769 
13 0 7 6 2689 2780 2790 
16 0 0 1 2702 2709 2799 
11 0 4 3 2684 2749 2809 
21 0 1 5 2743 2800 2810 
10 0 6 4 2673 2769 2820 
23 0 3 0 2770 2820 2830 
24 0 0 6 2778 2790 2840 
19 0 4 1 2734 2830 2849 
22 0 2 5 2746 2810 2860 
20 0 7 3 2734 2860 2870 
17 0 6 6 2726 2850 2890 
35 0 0 1 2856 2870 2899 
18 0 5 5 2732 2840 2910 
27 0 1 3 2799 2880 2920 
28 0 4 4 2801 2910 2920 
29 0 2 6 2808 2890 2940 
26 0 7 5 2793 2941 2960 
25 0 6 3 2784 2931 2970 
30 0 5 4 2809 2920 2971 
34 0 3 6 2849 2900 2990 
33 0 4 0 2842 2991 3001 
44 0 0 3 2912 2951 3020 
36 0 2 4 2859 2971 3021 
31 0 6 1 2833 3011 3021 
37 0 1 6 2872 2961 3040 
45 0 1 2 2928 3041 3052 
41 0 2 7 2902 3052 3062 
40 0 3 3 2896 2981 3071 
32 0 7 4 2836 3021 3071 
38 0 5 6 2879 3001 3090 
49 0 3 2 2969 3062 3102 
53 0 0 3 2976 3031 3121 
46 0 5 4 2937 3082 3121 
61 0 0 0 3052 3112 3122 
39 0 4 2 2889 3072 3152 
59 0 3 1 3020 3142 3152 
51 0 1 3 2971 3122 3171 
42 0 6 4 2904 3092 3171 
55 0 5 5 3011 3162 3172 
50 0 6 6 2970 3172 3183 
52 0 2 2 2974 3132 3202 
43 0 7 4 2905 3102 3221 
48 0 7 3 2967 3183 3221 
58 0 1 6 3017 3203 3233 
62 0 3 7 3071 3223 3233 
54 0 4 1 3002 3233 3243 
57 0 6 5 3015 3253 3263 
47 0 4 4 2962 3152 3271 
78 0 0 2 3178 3273 3283 
63 0 5 1 3072 3243 3293 
72 0 0 4 3132 3193 3321 
65 0 4 5 3080 3313 3323 
68 0 1 2 3096 3283 3333 
71 0 5 0 3132 3323 3333 
64 0 2 1 3077 3293 3343 
66 0 6 7 3082 3333 3343 
87 0 0 3 3248 3353 3364 
60 0 2 4 3037 3213 3371 
69 0 3 2 3123 3303 3383 
67 0 7 1 3089 3343 3393 
74 0 4 6 3158 3394 3404 
70 0 2 3 3128 3374 3414 
56 0 7 4 3013 3263 3421 
73 0 6 7 3145 3414 3424 
80 0 5 1 3187 3404 3443 
96 0 0 5 3313 3434 3444 
85 0 1 2 3227 3444 3454 
79 0 2 6 3184 3454 3464 
76 0 1 4 3163 3364 3471 
81 0 4 3 3210 3474 3484 
83 0 3 1 3224 3464 3493 
88 0 5 7 3253 3484 3494 
77 0 3 4 3172 3384 3521 
104 0 0 6 3363 3514 3524 
92 0 1 5 3303 3524 3535 
84 0 7 1 3227 3504 3543 
90 0 3 3 3282 3545 3555 
75 0 7 4 3158 3424 3571 
95 0 5 2 3309 3565 3575 
91 0 6 0 3285 3575 3585 
89 0 4 3 3270 3555 3605 
110 0 0 6 3414 3595 3605 
82 0 6 4 3223 3494 3621 
94 0 2 2 3305 3615 3625 
100 0 1 0 3352 3605 3635 
93 0 7 3 3304 3585 3655 
99 0 5 7 3349 3645 3655 
86 0 2 4 3243 3535 3671 
98 0 4 2 3342 3635 3675 
103 0 7 5 3359 3666 3676 
101 0 3 0 3353 3625 3685 
97 0 6 3 3329 3655 3705 
107 0 3 1 3394 3706 3716 
109 0 1 4 3408 3686 3722 
111 0 4 2 3414 3716 3726 
106 0 5 0 3391 3726 3736 
119 0 0 3 3484 3676 3755 
126 0 0 5 3524 3756 3766 
112 0 7 4 3425 3746 3772 
117 0 1 6 3459 3766 3776 
105 0 6 0 3378 3736 3786 
102 0 2 3 3355 3696 3805 
108 0 2 5 3405 3776 3816 
113 0 5 4 3432 3806 3822 
114 0 6 1 3436 3817 3827 
135 0 0 6 3593 3837 3847 
122 0 7 3 3500 3827 3855 
116 0 3 5 3455 3786 3866 
115 0 2 2 3445 3857 3867 
125 0 4 7 3516 3877 3887 
121 0 3 6 3495 3867 3897 
124 0 5 4 3508 3887 3897 
118 0 4 5 3465 3796 3917 
128 0 7 6 3541 3907 3947 
120 0 6 4 3486 3897 3947 
123 0 2 2 3503 3937 3947 
127 0 1 5 3525 3847 3967 
143 0 0 4 3644 3917 3997 
133 0 4 2 3572 3957 3997 
152 0 0 0 3721 3998 4008 
146 0 1 7 3683 4008 4018 
137 0 1 4 3605 3927 4047 
131 0 6 2 3560 3978 4048 
140 0 4 5 3623 4038 4048 
129 0 2 0 3549 4018 4058 
141 0 5 1 3631 4048 4058 
138 0 6 3 3607 4058 4068 
161 0 0 6 3779 4078 4088 
132 0 3 4 3564 3947 4097 
142 0 7 5 3639 4068 4098 
136 0 2 0 3604 4098 4108 
149 0 3 6 3695 4108 4138 
130 0 5 4 3554 3968 4147 
154 0 1 5 3729 4088 4148 
144 0 6 7 3656 4139 4149 
151 0 7 2 3719 4149 4159 
166 0 0 3 3823 4159 4169 
162 0 1 1 3782 4169 4179 
148 0 5 6 3684 4129 4188 
134 0 7 4 3590 3988 4198 
147 0 4 5 3684 4118 4198 
153 0 4 0 3726 4199 4209 
145 0 2 3 3675 4179 4219 
139 0 3 4 3619 4028 4248 
178 0 0 6 3897 4239 4249 
171 0 1 0 3841 4249 4259 
155 0 3 3 3744 4189 4269 
156 0 2 7 3745 4259 4270 
163 0 3 1 3789 4270 4280 
157 0 5 4 3758 4209 4298 
160 0 4 6 3775 4280 4300 
159 0 6 0 3769 4300 4310 
158 0 7 3 3767 4229 4319 
169 0 7 7 3838 4310 4320 
165 0 5 1 3803 4290 4330 
150 0 6 4 3703 4219 4348 
176 0 1 0 3888 4330 4362 
187 0 0 3 3973 4320 4372 
172 0 5 6 3862 4370 4380 
168 0 3 1 3834 4350 4380 
167 0 4 4 3830 4360 4398 
170 0 6 0 3838 4380 4412 
164 0 2 3 3802 4340 4422 
174 0 7 6 3880 4390 4430 
195 0 0 1 4015 4401 4430 
180 0 3 2 3913 4431 4441 
173 0 2 4 3865 4421 4448 
183 0 1 1 3938 4411 4480 
181 0 5 2 3930 4451 4491 
199 0 0 0 4061 4482 4492 
175 0 6 4 3882 4461 4498 
177 0 4 1 3896 4441 4531 
189 0 3 2 3988 4512 4541 
179 0 2 0 3906 4502 4542 
182 0 7 4 3936 4471 4548 
184 0 6 3 3941 4542 4552 
188 0 1 1 3980 4492 4581 
196 0 1 6 4025 4572 4582 
186 0 4 2 3950 4522 4592 
190 0 7 4 3990 4552 4598 
193 0 4 5 4006 4602 4612 
202 0 5 0 4070 4612 4622 
192 0 5 1 3999 4532 4631 
191 0 6 3 3994 4622 4632 
208 0 0 2 4113 4562 4642 
185 0 2 4 3949 4582 4648 
216 0 0 5 4179 4642 4662 
194 0 2 0 4015 4663 4673 
205 0 3 1 4105 4673 4683 
198 0 3 2 4053 4592 4692 
203 0 4 6 4081 4683 4693 
204 0 1 4 4088 4652 4698 
197 0 6 0 4048 4703 4723 
206 0 7 7 4108 4713 4723 
220 0 0 5 4221 4723 4733 
200 0 7 2 4064 4632 4742 
211 0 5 4 4143 4693 4749 
215 0 3 3 4167 4753 4763 
210 0 1 0 4137 4733 4773 
209 0 6 7 4123 4784 4794 
212 0 4 4 4146 4763 4799 
227 0 0 2 4273 4804 4814 
201 0 2 0 4065 4743 4823 
217 0 1 6 4184 4814 4824 
207 0 2 5 4109 4824 4834 
214 0 7 7 4163 4794 4844 
226 0 3 4 4241 4834 4849 
218 0 5 0 4185 4774 4873 
219 0 6 7 4198 4864 4894 
235 0 0 3 4313 4884 4894 
221 0 4 4 4223 4844 4899 
225 0 1 2 4240 4894 4904 
213 0 2 1 4160 4904 4915 
234 0 3 7 4312 4915 4944 
223 0 5 4 4230 4854 4949 
228 0 6 3 4274 4945 4955 
241 0 0 1 4362 4965 4975 
232 0 4 7 4285 4925 4994 
222 0 2 6 4229 4985 4995 
224 0 7 4 4236 4874 4999 
237 0 4 0 4351 5005 5015 
243 0 5 5 4385 5015 5025 
238 0 6 1 4354 5025 5035 
233 0 5 7 4307 4935 5044 
242 0 3 6 4369 4995 5045 
230 0 1 4 4281 4975 5049 
249 0 0 5 4440 5045 5075 
250 0 3 2 4443 5076 5086 
229 0 7 7 4277 4955 5094 
231 0 2 4 4284 5066 5099 
239 0 1 5 4355 5056 5125 
236 0 7 7 4350 5035 5144 
245 0 4 4 4404 5086 5149 
255 0 3 6 4492 5156 5166 
251 0 5 5 4444 5096 5176 
246 0 6 7 4420 5106 5194 
256 0 0 4 4498 5126 5199 
252 0 7 0 4469 5196 5206 
264 0 0 6 4563 5206 5216 
247 0 1 5 4425 5136 5226 
254 0 1 1 4488 5216 5226 
248 0 2 2 4435 5226 5237 
244 0 7 7 4399 5116 5244 
259 0 5 4 4515 5176 5249 
260 0 4 6 4518 5247 5267 
257 0 6 5 4500 5186 5276 
266 0 5 2 4570 5257 5287 
240 0 2 7 4355 5146 5294 
271 0 0 1 4612 5287 5297 
265 0 3 4 4566 5237 5299 
262 0 1 0 4544 5297 5307 
261 0 7 5 4528 5277 5326 
258 0 2 2 4509 5307 5337 
269 0 4 3 4597 5327 5337 
253 0 4 7 4473 5166 5345 
263 0 6 4 4547 5267 5349 
274 0 3 0 4633 5317 5357 
267 0 7 2 4574 5357 5387 
270 0 6 7 4611 5347 5395 
275 0 5 4 4640 5337 5399 
272 0 1 0 4614 5377 5407 
277 0 4 5 4652 5408 5418 
281 0 0 2 4671 5367 5437 
278 0 6 3 4652 5428 5438 
268 0 2 7 4581 5387 5445 
273 0 7 6 4614 5438 5448 
283 0 5 0 4699 5418 5457 
289 0 0 1 4721 5448 5458 
279 0 1 4 4658 5458 5468 
282 0 3 2 4689 5398 5487 
286 0 4 5 4707 5488 5498 
291 0 3 1 4742 5478 5508 
280 0 7 3 4664 5518 5528 
276 0 2 2 4646 5468 5537 
299 0 0 5 4794 5528 5548 
284 0 1 6 4703 5539 5549 
290 0 5 1 4742 5498 5558 
298 0 3 2 4786 5559 5587 
293 0 6 5 4758 5589 5599 
287 0 6 1 4710 5508 5608 
308 0 0 4 4872 5609 5619 
294 0 1 7 4760 5619 5629 
296 0 4 2 4780 5569 5637 
288 0 2 1 4719 5549 5658 
305 0 4 5 4843 5649 5659 
295 0 2 4 4772 5629 5669 
304 0 5 6 4842 5659 5669 
306 0 3 7 4854 5639 5679 
297 0 5 1 4786 5579 5708 
300 0 1 5 4819 5700 5710 
301 0 6 6 4819 5669 5720 
292 0 7 7 4747 5680 5729 
316 0 3 2 4933 5720 5730 
285 0 7 1 4706 5599 5758 
315 0 0 6 4926 5690 5770 
313 0 4 7 4911 5730 5779 
322 0 0 2 4966 5770 5780 
302 0 2 1 4820 5710 5808 
324 0 3 4 4984 5800 5811 
311 0 5 6 4896 5740 5820 
307 0 1 2 4861 5780 5830 
319 0 5 7 4953 5821 5831 
312 0 7 3 4900 5841 5851 
309 0 6 1 4885 5750 5858 
321 0 4 2 4961 5811 5880 
328 0 0 7 5024 5851 5881 
320 0 2 4 4954 5871 5881 
327 0 4 0 5018 5891 5901 
303 0 7 1 4828 5760 5909 
330 0 5 3 5028 5901 5911 
333 0 3 2 5060 5881 5930 
318 0 7 4 4946 5921 5931 
310 0 2 1 4885 5790 5959 
338 0 0 3 5104 5931 5961 
323 0 1 2 4975 5942 5981 
336 0 5 5 5086 5982 5992 
317 0 6 1 4945 5831 6009 
337 0 4 3 5096 5972 6011 
326 0 7 0 5009 6002 6012 
346 0 0 6 5177 6012 6022 
331 0 1 7 5049 6022 6032 
335 0 2 4 5074 6032 6042 
350 0 3 2 5185 6042 6052 
314 0 1 1 4918 5861 6059 
334 0 6 3 5066 5992 6062 
345 0 4 6 5144 6052 6072 
343 0 5 5 5132 6062 6072 
332 0 7 4 5052 6082 6092 
354 0 0 2 5228 6092 6102 
325 0 6 1 4999 5911 6109 
339 0 6 5 5126 6072 6122 
359 0 3 6 5263 6123 6133 
329 0 2 1 5027 5952 6159 
349 0 6 3 5182 6153 6163 
341 0 1 5 5127 6102 6172 
353 0 4 6 5210 6133 6183 
351 0 2 0 5195 6193 6203 
340 0 3 1 5127 5962 6209 
361 0 0 3 5273 6173 6213 
344 0 2 5 5134 6113 6222 
362 0 4 2 5280 6213 6223 
352 0 5 6 5206 6143 6233 
347 0 7 7 5179 6243 6253 
356 0 6 1 5254 6233 6259 
370 0 3 5 5332 6203 6273 
342 0 7 6 5131 6163 6283 
377 0 3 4 5382 6284 6294 
360 0 2 1 5268 6274 6309 
363 0 5 2 5302 6304 6314 
357 0 5 5 5256 6223 6323 
364 0 6 3 5306 6314 6324 
348 0 1 6 5181 6183 6333 
367 0 1 4 5318 6344 6354 
355 0 7 1 5248 6324 6359 
378 0 0 2 5383 6334 6364 
366 0 0 5 5314 6253 6373 
386 0 3 6 5442 6364 6383 
373 0 5 7 5365 6384 6394 
375 0 4 4 5370 6374 6404 
371 0 6 3 5353 6394 6405 
365 0 2 1 5310 6354 6409 
358 0 1 5 5259 6263 6423 
369 0 7 4 5320 6405 6454 
385 0 0 3 5439 6415 6455 
392 0 3 2 5494 6445 6455 
376 0 1 1 5371 6425 6459 
368 0 4 5 5320 6294 6473 
383 0 4 4 5432 6455 6504 
374 0 2 3 5366 6435 6505 
384 0 6 2 5432 6475 6505 
382 0 1 6 5421 6505 6515 
372 0 7 5 5362 6485 6523 
397 0 3 7 5536 6526 6536 
380 0 5 4 5408 6465 6554 
381 0 2 3 5410 6515 6555 
394 0 0 2 5503 6495 6555 
388 0 5 6 5470 6546 6566 
389 0 6 5 5478 6556 6573 
391 0 4 7 5483 6536 6586 
393 0 1 0 5498 6586 6596 
379 0 7 3 5403 6566 6605 
403 0 0 5 5570 6576 6623 
395 0 4 2 5523 6616 6626 
398 0 5 6 5538 6626 6636 
399 0 6 1 5553 6636 6646 
390 0 2 3 5482 6596 6655 
387 0 7 7 5453 6646 6656 
412 0 0 4 5648 6656 6666 
406 0 3 5 5598 6606 6673 
401 0 2 0 5561 6677 6687 
400 0 1 3 5560 6666 6705 
402 0 4 2 5565 6697 6707 
411 0 3 5 5647 6687 6723 
396 0 7 0 5533 6727 6737 
409 0 2 3 5627 6757 6767 
404 0 5 5 5579 6707 6773 
423 0 3 1 5728 6767 6777 
410 0 4 0 5640 6777 6787 
413 0 5 6 5651 6787 6797 
415 0 6 2 5659 6797 6807 
405 0 7 3 5596 6807 6817 
408 0 6 5 5619 6717 6823 
416 0 1 4 5690 6828 6838 
430 0 0 2 5790 6817 6857 
431 0 3 6 5796 6848 6858 
422 0 0 5 5720 6737 6873 
419 0 6 0 5700 6878 6888 
414 0 7 7 5653 6888 6898 
418 0 2 2 5698 6838 6908 
407 0 1 5 5610 6747 6924 
427 0 2 3 5752 6918 6928 
439 0 3 0 5850 6928 6938 
438 0 0 7 5840 6898 6948 
424 0 1 2 5745 6908 6958 
428 0 6 4 5774 6959 6969 
417 0 4 5 5695 6858 6974 
426 0 5 3 5751 6948 6978 
421 0 7 0 5711 6969 6989 
432 0 1 6 5802 6989 6999 
425 0 4 2 5749 6938 7008 
420 0 5 5 5707 6868 7024 
436 0 2 0 5822 6999 7039 
434 0 4 6 5811 7019 7049 
435 0 6 1 5817 7039 7049 
444 0 0 2 5888 6979 7058 
453 0 0 3 5944 7059 7069 
433 0 5 5 5806 7029 7074 
429 0 7 1 5788 7049 7099 
447 0 3 2 5911 7009 7108 
440 0 4 4 5851 7100 7110 
446 0 2 3 5902 7080 7119 
443 0 5 6 5881 7110 7120 
455 0 3 5 5964 7090 7124 
442 0 1 1 5873 7069 7149 
461 0 0 0 6012 7140 7150 
441 0 6 4 5871 7120 7160 
437 0 7 6 5829 7130 7170 
454 0 2 2 5962 7160 7170 
448 0 4 3 5921 7180 7190 
450 0 5 5 5936 7190 7200 
451 0 1 4 5937 7150 7210 
449 0 6 2 5929 7200 7220 
445 0 7 1 5890 7210 7220 
472 0 0 7 6090 7220 7230 
463 0 2 0 6017 7240 7251 
460 0 3 4 6005 7170 7260 
466 0 3 6 6053 7251 7261 
456 0 4 5 5976 7261 7271 
459 0 1 4 6001 7230 7310 
457 0 6 6 5989 7281 7311 
480 0 0 1 6163 7301 7311 
462 0 5 5 6014 7271 7321 
469 0 1 7 6068 7311 7321 
476 0 3 3 6113 7331 7341 
464 0 4 2 6028 7341 7351 
467 0 2 6 6060 7321 7361 
452 0 7 5 5943 7291 7371 
465 0 6 1 6042 7361 7371 
488 0 0 0 6225 7381 7392 
458 0 7 2 5991 7371 7401 
477 0 2 6 6116 7402 7412 
470 0 5 5 6079 7351 7421 
471 0 4 0 6088 7422 7442 
478 0 5 7 6133 7432 7442 
481 0 3 2 6163 7412 7451 
473 0 6 1 6101 7442 7452 
475 0 1 5 6113 7392 7471 
496 0 0 6 6277 7462 7472 
468 0 7 0 6064 7452 7492 
484 0 1 1 6189 7472 7502 
483 0 5 3 6177 7512 7522 
482 0 6 7 6164 7522 7533 
486 0 2 0 6191 7482 7542 
487 0 3 1 6207 7492 7552 
494 0 1 6 6255 7553 7563 
474 0 7 3 6112 7533 7573 
479 0 4 0 6158 7502 7592 
491 0 4 2 6237 7583 7593 
504 0 0 1 6320 7543 7602 
493 0 5 4 6248 7593 7603 
495 0 3 3 6272 7573 7623 
490 0 2 0 6236 7563 7642 
511 0 0 2 6372 7623 7643 
501 0 1 5 6304 7633 7643 
485 0 7 1 6189 7613 7652 
500 0 2 6 6298 7643 7653 
502 0 5 7 6313 7673 7683 
489 0 6 0 6227 7603 7692 
503 0 3 5 6315 7653 7693 
492 0 7 2 6245 7694 7704 
518 0 0 7 6428 7704 7733 
508 0 2 4 6360 7724 7734 
497 0 6 0 6289 7683 7742 
498 0 4 5 6292 7663 7743 
509 0 4 6 6363 7744 7754 
505 0 5 2 6355 7754 7764 
512 0 3 7 6382 7734 7784 
499 0 7 4 6296 7774 7784 
507 0 1 5 6359 7714 7793 
524 0 0 1 6485 7784 7794 
515 0 1 3 6422 7794 7804 
520 0 3 6 6455 7814 7824 
510 0 6 7 6364 7764 7834 
516 0 5 5 6422 7835 7845 
513 0 2 3 6415 7804 7854 
506 0 7 2 6355 7855 7865 
514 0 4 6 6421 7824 7875 
531 0 0 7 6544 7865 7884 
523 0 2 5 6483 7885 7895 
519 0 6 3 6440 7845 7904 
526 0 3 4 6500 7895 7905 
527 0 1 6 6501 7875 7925 
521 0 5 2 6465 7915 7925 
525 0 4 7 6499 7905 7934 
517 0 7 3 6422 7935 7955 
528 0 6 4 6502 7925 7955 
534 0 2 2 6556 7965 7976 
539 0 0 7 6612 7945 7984 
536 0 3 1 6574 7976 7986 
535 0 1 4 6556 7955 8005 
530 0 5 0 6529 7996 8006 
533 0 4 1 6555 7986 8036 
544 0 1 7 6632 8036 8046 
532 0 6 4 6549 8006 8055 
541 0 4 0 6618 8066 8076 
522 0 7 1 6474 8016 8086 
538 0 5 6 6580 8076 8086 
529 0 7 0 6528 8096 8126 
549 0 1 5 6676 8116 8127 
548 0 0 1 6673 8026 8136 
554 0 3 3 6702 8137 8147 
552 0 2 0 6698 8127 8176 
547 0 6 5 6657 8167 8177 
543 0 2 1 6632 8046 8186 
550 0 4 3 6682 8147 8197 
559 0 2 4 6756 8207 8217 
545 0 5 0 6651 8157 8226 
542 0 3 1 6630 8056 8236 
556 0 4 5 6740 8227 8237 
558 0 1 3 6755 8197 8247 
551 0 5 4 6698 8237 8267 
568 0 0 0 6815 8187 8276 
577 0 0 7 6875 8268 8278 
540 0 6 1 6615 8086 8286 
555 0 6 5 6729 8247 8287 
560 0 3 3 6766 8217 8297 
546 0 7 4 6653 8258 8317 
565 0 1 7 6796 8278 8328 
557 0 0 1 6748 8106 8336 
567 0 3 5 6814 8298 8338 
562 0 5 3 6773 8318 8347 
575 0 1 6 6869 8358 8368 
566 0 2 7 6797 8288 8378 
572 0 2 0 6842 8368 8378 
537 0 7 1 6577 8177 8386 
564 0 6 5 6788 8328 8388 
574 0 3 3 6858 8378 8397 
573 0 6 6 6857 8409 8419 
553 0 7 7 6700 8338 8428 
561 0 7 2 6767 8419 8429 
563 0 4 1 6788 8308 8436 
583 0 0 5 6933 8348 8438 
584 0 1 6 6938 8439 8469 
582 0 3 0 6931 8459 8469 
571 0 4 7 6837 8389 8478 
593 0 0 2 7005 8429 8479 
569 0 5 5 6817 8399 8488 
580 0 4 6 6911 8469 8519 
578 0 5 7 6892 8479 8528 
570 0 7 2 6830 8499 8529 
579 0 2 5 6900 8449 8538 
587 0 2 1 6976 8530 8540 
602 0 0 6 7073 8509 8569 
591 0 4 7 6989 8550 8578 
590 0 3 2 6988 8540 8579 
581 0 6 5 6913 8489 8588 
612 0 0 1 7147 8590 8600 
594 0 1 6 7007 8519 8619 
597 0 3 2 7030 8620 8631 
586 0 5 5 6961 8560 8638 
592 0 5 1 7004 8641 8651 
576 0 7 6 6874 8580 8669 
585 0 7 4 6943 8661 8671 
588 0 6 5 6982 8570 8688 
609 0 1 1 7129 8681 8701 
607 0 3 0 7095 8701 8711 
599 0 4 6 7043 8631 8719 
608 0 4 2 7114 8711 8721 
601 0 1 5 7068 8600 8738 
600 0 5 1 7050 8721 8751 
628 0 0 3 7267 8752 8762 
589 0 7 2 6987 8741 8771 
618 0 1 6 7204 8762 8772 
595 0 2 5 7022 8610 8788 
613 0 2 3 7149 8772 8812 
606 0 5 7 7093 8802 8812 
610 0 6 1 7132 8812 8822 
596 0 7 4 7030 8822 8832 
598 0 6 5 7041 8651 8838 
616 0 4 3 7190 8792 8862 
627 0 1 4 7264 8842 8882 
625 0 4 7 7243 8872 8882 
619 0 0 5 7207 8671 8888 
617 0 6 6 7192 8892 8902 
634 0 0 3 7308 8832 8912 
641 0 0 0 7363 8913 8923 
605 0 7 4 7083 8902 8932 
635 0 1 7 7323 8923 8933 
603 0 2 5 7080 8691 8938 
626 0 2 2 7260 8933 8943 
621 0 2 3 7216 8852 8962 
633 0 4 6 7304 8953 8963 
604 0 6 5 7082 8731 8988 
629 0 3 2 7268 8943 8993 
615 0 5 3 7161 8882 9012 
614 0 7 6 7149 8983 9013 
611 0 3 5 7141 8782 9039 
620 0 5 2 7212 8963 9043 
639 0 4 1 7348 9033 9043 
651 0 0 3 7418 8993 9062 
630 0 6 0 7287 9053 9063 
622 0 3 5 7218 8862 9089 
623 0 7 2 7228 9063 9093 
631 0 5 1 7289 9043 9093 
643 0 1 3 7372 9003 9112 
659 0 0 0 7480 9074 9114 
637 0 5 7 7332 9124 9134 
624 0 6 5 7242 8973 9139 
650 0 1 2 7418 9084 9143 
647 0 3 1 7406 9104 9143 
646 0 4 3 7399 9114 9162 
666 0 0 4 7538 9154 9164 
636 0 2 5 7331 9013 9189 
648 0 2 2 7408 9094 9193 
657 0 1 1 7477 9164 9194 
656 0 3 3 7472 9185 9212 
654 0 4 4 7447 9195 9214 
638 0 3 5 7341 9023 9239 
660 0 2 2 7482 9174 9243 
644 0 5 4 7372 9205 9265 
661 0 4 3 7493 9275 9285 
640 0 6 5 7351 9134 9289 
645 0 6 2 7392 9215 9293 
653 0 6 1 7446 9295 9306 
673 0 0 4 7581 9235 9315 
674 0 1 7 7586 9326 9336 
632 0 7 5 7291 9144 9339 
675 0 2 3 7590 9336 9346 
649 0 5 4 7413 9285 9365 
658 0 5 1 7478 9366 9376 
642 0 7 5 7369 9225 9389 
669 0 4 3 7557 9356 9396 
679 0 0 4 7632 9316 9415 
682 0 2 2 7645 9416 9427 
663 0 1 5 7521 9245 9439 
687 0 0 3 7673 9396 9446 
676 0 4 7 7599 9437 9447 
672 0 3 4 7581 9346 9465 
670 0 6 1 7561 9457 9467 
692 0 0 2 7724 9477 9487 
665 0 2 5 7535 9255 9489 
681 0 3 3 7644 9427 9496 
689 0 2 0 7701 9497 9507 
655 0 7 4 7469 9386 9515 
688 0 1 1 7688 9487 9517 
693 0 3 7 7724 9507 9518 
677 0 5 6 7612 9528 9538 
667 0 3 5 7541 9265 9539 
668 0 5 3 7551 9447 9546 
678 0 6 2 7619 9538 9548 
671 0 7 1 7574 9548 9567 
697 0 1 4 7762 9568 9578 
696 0 2 6 7753 9578 9588 
652 0 7 5 7423 9306 9589 
664 0 7 3 7531 9467 9596 
695 0 4 2 7732 9598 9608 
702 0 3 1 7795 9588 9617 
684 0 5 6 7662 9608 9638 
662 0 6 5 7509 9376 9639 
701 0 0 3 7792 9558 9646 
709 0 3 2 7842 9671 9681 
686 0 6 6 7671 9618 9688 
680 0 1 5 7641 9406 9689 
700 0 4 7 7786 9681 9691 
683 0 7 3 7654 9628 9696 
690 0 7 4 7716 9711 9721 
691 0 6 2 7721 9701 9731 
704 0 2 6 7804 9659 9738 
685 0 4 5 7662 9518 9740 
713 0 0 7 7882 9721 9741 
716 0 1 0 7905 9732 9742 
706 0 1 3 7825 9649 9747 
699 0 5 6 7773 9772 9788 
707 0 0 5 7835 9639 9790 
717 0 3 0 7910 9752 9792 
714 0 2 3 7883 9742 9797 
723 0 0 1 7958 9802 9812 
722 0 2 7 7957 9822 9832 
694 0 5 5 7727 9691 9840 
710 0 4 0 7858 9762 9842 
721 0 1 3 7947 9812 9847 
719 0 4 4 7933 9842 9852 
712 0 6 1 7880 9862 9875 
708 0 5 7 7842 9852 9885 
703 0 6 0 7801 9782 9892 
698 0 7 5 7767 9792 9892 
727 0 3 3 7979 9832 9899 
705 0 7 4 7822 9875 9903 
729 0 1 6 8014 9896 9906 
730 0 0 7 8025 9886 9936 
735 0 3 0 8059 9916 9942 
728 0 4 5 7986 9926 9942 
715 0 5 1 7904 9936 9946 
732 0 2 4 8035 9906 9953 
711 0 7 7 7874 9956 9986 
739 0 1 3 8086 9976 9986 
720 0 6 0 7938 9946 9992 
736 0 4 6 8063 10006 10017 
737 0 0 7 8085 9966 10036 
740 0 2 3 8101 9986 10036 
742 0 3 0 8116 9996 10042 
748 0 0 6 8165 10047 10067 
747 0 2 1 8142 10067 10077 
726 0 6 7 7978 10027 10089 
751 0 3 5 8190 10077 10089 
725 0 5 3 7978 10017 10092 
733 0 6 1 8038 10110 10127 
724 0 7 4 7970 10120 10132 
745 0 1 7 8139 10057 10139 
718 0 7 3 7914 10037 10142 
755 0 2 0 8218 10152 10162 
754 0 0 4 8214 10132 10182 
756 0 4 5 8218 10172 10182 
746 0 4 7 8139 10089 10189 
731 0 5 3 8027 10100 10192 
758 0 3 4 8237 10162 10232 
761 0 1 1 8274 10223 10233 
753 0 1 3 8202 10142 10242 
762 0 2 5 8277 10233 10243 
763 0 3 6 8285 10243 10253 
744 0 5 2 8129 10263 10273 
741 0 6 4 8115 10192 10282 
750 0 6 0 8190 10273 10283 
738 0 5 3 8085 10182 10292 
764 0 4 5 8285 10253 10293 
769 0 1 1 8326 10303 10313 
743 0 7 2 8125 10283 10323 
773 0 2 7 8356 10313 10323 
765 0 0 4 8288 10213 10332 
734 0 7 3 8047 10202 10343 
772 0 0 5 8347 10293 10343 
775 0 3 1 8362 10323 10363 
749 0 7 2 8185 10363 10373 
770 0 4 4 8326 10333 10382 
752 0 5 5 8199 10343 10393 
780 0 2 0 8409 10394 10404 
757 0 6 1 8232 10353 10413 
778 0 1 4 8386 10384 10433 
759 0 5 3 8253 10424 10434 
779 0 0 5 8402 10373 10443 
791 0 0 0 8478 10454 10464 
785 0 1 2 8432 10464 10474 
783 0 3 4 8426 10404 10483 
766 0 6 3 8291 10434 10484 
776 0 4 5 8367 10414 10493 
790 0 3 7 8477 10484 10494 
774 0 6 4 8362 10514 10533 
760 0 7 3 8253 10444 10534 
789 0 2 5 8464 10474 10543 
784 0 4 7 8432 10494 10544 
798 0 0 6 8535 10535 10545 
794 0 1 2 8501 10545 10555 
799 0 2 0 8538 10555 10565 
767 0 7 3 8304 10525 10584 
768 0 5 5 8307 10504 10593 
795 0 3 6 8520 10565 10595 
777 0 5 2 8383 10585 10605 
792 0 4 0 8484 10575 10615 
807 0 0 7 8602 10615 10625 
781 0 6 6 8410 10595 10645 
808 0 2 3 8603 10635 10645 
801 0 1 2 8544 10625 10655 
804 0 3 4 8595 10645 10655 
771 0 7 0 8345 10605 10665 
800 0 4 7 8542 10655 10675 
787 0 5 5 8457 10665 10675 
782 0 7 3 8413 10686 10696 
788 0 6 4 8463 10675 10705 
816 0 0 6 8675 10696 10706 
812 0 2 5 8646 10716 10726 
815 0 3 2 8674 10726 10736 
806 0 1 4 8599 10706 10756 
793 0 5 6 8501 10746 10756 
809 0 4 2 8617 10736 10786 
825 0 0 5 8742 10776 10786 
814 0 1 7 8657 10786 10796 
796 0 6 4 8528 10756 10806 
786 0 7 6 8455 10766 10806 
823 0 3 3 8727 10806 10816 
821 0 2 2 8713 10796 10836 
803 0 6 0 8593 10837 10847 
802 0 5 4 8556 10827 10856 
797 0 7 6 8531 10847 10857 
817 0 4 3 8678 10816 10867 
832 0 0 5 8791 10857 10867 
820 0 1 2 8710 10867 10886 
826 0 4 6 8757 10897 10908 
830 0 3 3 8779 10887 10917 
810 0 5 0 8627 10908 10918 
811 0 6 7 8633 10918 10928 
828 0 2 2 8765 10877 10936 
805 0 7 1 8597 10928 10938 
831 0 1 0 8790 10948 10968 
836 0 3 2 8819 10968 10986 
840 0 0 1 8850 10938 10988 
834 0 4 7 8810 10978 10989 
818 0 5 3 8685 10989 10999 
835 0 2 0 8814 10958 11018 
813 0 7 4 8650 11009 11019 
842 0 1 1 8863 11029 11039 
819 0 6 3 8699 10999 11049 
843 0 3 2 8873 11049 11059 
848 0 0 0 8909 11019 11068 
845 0 4 4 8884 11059 11069 
824 0 5 6 8736 11069 11079 
841 0 2 1 8856 11039 11089 
829 0 6 7 8774 11079 11089 
822 0 7 5 8720 11089 11099 
849 0 2 2 8929 11119 11129 
850 0 1 1 8931 11109 11139 
854 0 3 4 8948 11129 11139 
855 0 0 5 8958 11099 11149 
853 0 4 3 8946 11139 11149 
837 0 6 0 8828 11160 11170 
860 0 0 1 9010 11180 11190 
833 0 5 3 8791 11149 11200 
857 0 2 4 8979 11200 11210 
863 0 3 5 9024 11210 11220 
839 0 5 7 8839 11230 11240 
827 0 7 3 8760 11170 11250 
838 0 7 4 8836 11250 11260 
868 0 0 6 9064 11260 11270 
869 0 1 1 9066 11270 11280 
864 0 2 7 9029 11280 11290 
858 0 1 3 8989 11190 11300 
866 0 4 2 9040 11300 11311 
851 0 6 1 8936 11321 11331 
847 0 5 7 8899 11311 11341 
859 0 4 3 8994 11220 11350 
878 0 0 0 9135 11341 11351 
875 0 1 6 9128 11351 11361 
844 0 6 3 8879 11240 11400 
881 0 3 0 9158 11371 11401 
852 0 5 5 8945 11391 11401 
862 0 6 4 9016 11401 11411 
856 0 7 7 8976 11411 11421 
885 0 0 1 9183 11421 11431 
873 0 3 3 9098 11290 11450 
880 0 2 6 9154 11441 11451 
883 0 1 7 9181 11431 11471 
882 0 4 1 9160 11461 11481 
861 0 5 5 9015 11472 11482 
846 0 7 3 8898 11331 11500 
865 0 7 4 9036 11492 11502 
890 0 3 7 9221 11451 11521 
893 0 0 1 9246 11502 11531 
867 0 6 5 9062 11482 11532 
888 0 2 6 9203 11522 11532 
870 0 2 3 9084 11361 11550 
887 0 4 4 9201 11542 11552 
871 0 5 0 9090 11552 11562 
876 0 6 7 9133 11562 11572 
896 0 1 5 9259 11512 11582 
874 0 4 3 9098 11381 11600 
902 0 0 0 9313 11582 11612 
899 0 3 5 9286 11532 11632 
895 0 4 6 9256 11623 11633 
877 0 5 1 9134 11633 11643 
901 0 1 3 9308 11592 11650 
886 0 6 7 9189 11643 11653 
905 0 3 0 9335 11612 11662 
872 0 7 5 9097 11572 11682 
909 0 1 4 9364 11673 11683 
912 0 3 1 9388 11693 11703 
879 0 7 0 9137 11653 11712 
884 0 5 6 9183 11713 11723 
894 0 2 5 9247 11602 11732 
889 0 7 4 9217 11733 11744 
910 0 0 0 9374 11663 11762 
918 0 1 2 9434 11754 11764 
892 0 6 6 9244 11723 11773 
919 0 3 7 9438 11774 11784 
913 0 4 4 9402 11784 11794 
903 0 2 0 9326 11683 11812 
911 0 2 6 9376 11764 11824 
897 0 7 3 9273 11814 11824 
926 0 0 5 9495 11824 11834 
898 0 6 4 9284 11804 11844 
927 0 1 2 9502 11834 11844 
904 0 4 0 9332 11703 11863 
891 0 5 6 9237 11794 11874 
921 0 4 1 9458 11864 11874 
928 0 3 4 9506 11854 11894 
908 0 6 5 9360 11884 11894 
906 0 7 7 9351 11894 11905 
920 0 0 0 9446 11744 11913 
933 0 1 1 9551 11915 11925 
923 0 2 6 9475 11925 11935 
900 0 5 4 9300 11874 11944 
916 0 2 0 9416 11844 11963 
907 0 5 5 9358 11955 11965 
938 0 3 1 9574 11935 11975 
917 0 6 4 9433 11965 11994 
936 0 0 0 9567 11905 12013 
931 0 4 1 9529 11945 12025 
945 0 3 6 9635 12015 12025 
937 0 4 2 9572 12025 12035 
914 0 7 4 9411 11975 12044 
915 0 5 7 9415 12035 12045 
924 0 6 5 9482 12045 12055 
942 0 1 0 9625 11995 12063 
954 0 0 2 9712 12066 12085 
953 0 1 6 9704 12076 12086 
944 0 0 4 9633 11985 12095 
925 0 7 5 9489 12055 12106 
930 0 2 0 9526 12005 12113 
952 0 3 2 9689 12096 12136 
932 0 6 4 9534 12126 12145 
934 0 7 1 9555 12136 12146 
948 0 4 5 9649 12106 12156 
939 0 2 0 9579 12086 12163 
960 0 1 2 9744 12156 12186 
958 0 3 4 9739 12176 12195 
922 0 5 5 9470 12116 12206 
929 0 5 3 9511 12196 12206 
940 0 6 2 9589 12206 12236 
957 0 4 4 9723 12186 12245 
961 0 0 5 9753 12146 12256 
951 0 2 0 9686 12247 12257 
965 0 1 2 9785 12237 12286 
935 0 5 1 9558 12277 12287 
970 0 3 4 9819 12257 12295 
947 0 2 5 9642 12166 12306 
964 0 4 0 9782 12267 12307 
950 0 7 7 9678 12297 12307 
976 0 0 6 9872 12307 12317 
946 0 6 2 9642 12287 12336 
980 0 3 1 9895 12337 12347 
943 0 7 5 9632 12217 12356 
962 0 2 7 9762 12327 12357 
972 0 4 0 9838 12347 12357 
941 0 5 3 9618 12357 12368 
956 0 6 4 9719 12368 12378 
959 0 7 1 9742 12378 12397 
968 0 0 5 9802 12227 12406 
969 0 2 0 9816 12408 12418 
985 0 0 4 9947 12388 12428 
989 0 3 6 9964 12418 12428 
977 0 4 3 9885 12428 12438 
975 0 1 5 9865 12317 12456 
966 0 6 1 9793 12448 12458 
967 0 7 0 9801 12458 12468 
981 0 1 4 9912 12398 12478 
949 0 5 6 9658 12438 12478 
988 0 1 2 9961 12478 12488 
992 0 0 5 9987 12468 12506 
979 0 2 1 9892 12488 12508 
984 0 4 2 9946 12509 12538 
974 0 6 3 9865 12529 12539 
995 0 3 5 10018 12498 12556 
1001 0 0 0 10062 12549 12559 
993 0 1 6 10002 12559 12569 
986 0 2 1 9951 12569 12579 
955 0 5 2 9715 12519 12589 
973 0 7 5 9854 12539 12606 
963 0 5 4 9782 12599 12609 
983 0 6 6 9923 12609 12619 
