5 0 4 1 914 914 927 
12 0 4 7 973 973 987 
22 0 4 5 1034 1034 1044 
7 0 6 2 915 1044 1057 
1 0 0 1 914 1057 1067 
8 0 7 3 915 1087 1097 
4 0 2 2 914 1067 1107 
30 0 4 4 1096 1097 1107 
14 0 0 6 980 1107 1117 
2 0 1 7 914 1117 1127 
16 0 1 1 990 1127 1137 
6 0 5 2 914 1077 1157 
10 0 5 4 963 1137 1157 
21 0 0 5 1034 1147 1157 
15 0 2 3 987 1157 1167 
13 0 7 6 977 1167 1177 
3 0 3 1 914 1177 1187 
18 0 5 5 1016 1187 1207 
25 0 1 3 1066 1198 1217 
17 0 6 6 1006 1218 1228 
19 0 7 1 1023 1228 1238 
27 0 0 3 1090 1238 1267 
24 0 6 6 1064 1248 1278 
31 0 1 1 1115 1268 1288 
41 0 1 7 1186 1298 1308 
44 0 6 3 1199 1308 1318 
29 0 5 6 1093 1258 1328 
35 0 6 1 1142 1288 1338 
57 0 1 5 1303 1339 1349 
28 0 7 4 1090 1349 1359 
38 0 4 6 1166 1278 1378 
66 0 1 7 1370 1370 1380 
23 0 2 0 1059 1380 1390 
53 0 6 3 1263 1390 1400 
45 0 0 2 1218 1400 1410 
46 0 4 4 1225 1410 1420 
50 0 1 6 1258 1318 1428 
55 0 4 5 1299 1420 1431 
33 0 7 0 1131 1431 1441 
39 0 7 2 1179 1441 1461 
63 0 4 1 1360 1461 1471 
37 0 0 6 1163 1328 1478 
40 0 2 3 1184 1471 1481 
52 0 0 2 1261 1491 1511 
60 0 0 4 1324 1511 1521 
34 0 2 6 1137 1451 1528 
11 0 3 3 973 1481 1531 
26 0 3 5 1086 1531 1541 
73 0 1 7 1433 1541 1551 
61 0 6 0 1339 1551 1562 
72 0 4 4 1420 1521 1571 
20 0 3 3 1027 1501 1581 
78 0 4 2 1465 1592 1602 
47 0 7 4 1252 1562 1621 
91 0 1 0 1572 1612 1622 
87 0 4 3 1535 1602 1631 
96 0 4 5 1600 1622 1632 
82 0 1 4 1510 1572 1671 
71 0 6 0 1419 1642 1672 
64 0 0 1 1364 1662 1672 
104 0 4 6 1650 1672 1682 
111 0 4 2 1701 1701 1711 
51 0 3 3 1260 1711 1721 
32 0 3 4 1129 1582 1721 
58 0 3 6 1306 1721 1732 
105 0 1 0 1666 1752 1762 
97 0 1 3 1617 1741 1771 
36 0 5 4 1143 1632 1772 
54 0 7 1 1292 1772 1782 
49 0 2 2 1257 1792 1802 
48 0 5 3 1253 1762 1821 
43 0 3 4 1198 1652 1822 
114 0 1 1 1724 1782 1832 
118 0 4 5 1752 1832 1842 
68 0 3 2 1385 1812 1852 
79 0 0 6 1472 1852 1862 
70 0 0 3 1416 1822 1872 
42 0 5 4 1187 1731 1872 
80 0 6 1 1474 1802 1882 
88 0 6 7 1540 1883 1893 
131 0 1 2 1848 1893 1903 
65 0 7 5 1370 1903 1913 
120 0 1 4 1774 1842 1922 
125 0 4 7 1803 1923 1943 
85 0 3 2 1516 1933 1953 
67 0 5 1 1375 1943 1953 
93 0 0 3 1593 1953 1963 
76 0 3 4 1452 1862 1972 
74 0 5 6 1444 1963 1973 
103 0 0 5 1648 1983 1993 
95 0 6 2 1596 1973 2003 
81 0 5 3 1496 2004 2014 
86 0 0 4 1531 1872 2022 
92 0 3 5 1592 1993 2044 
144 0 1 7 1944 2034 2044 
59 0 2 1 1308 2044 2054 
89 0 5 3 1556 2014 2064 
98 0 5 2 1628 2054 2064 
56 0 5 4 1299 1913 2072 
62 0 2 7 1359 2094 2104 
138 0 1 3 1895 2024 2114 
133 0 4 2 1858 2074 2114 
150 0 1 4 1991 2064 2122 
128 0 0 6 1830 2124 2134 
122 0 0 3 1789 2104 2164 
69 0 2 2 1411 2134 2164 
112 0 0 4 1714 2084 2172 
83 0 2 1 1512 2165 2175 
135 0 0 6 1879 2154 2184 
100 0 2 0 1641 2185 2195 
90 0 2 3 1570 2175 2214 
99 0 6 7 1636 2205 2215 
75 0 7 4 1448 2114 2222 
107 0 3 1 1683 2215 2225 
110 0 5 6 1700 2225 2235 
101 0 3 0 1641 2195 2245 
116 0 3 5 1744 2235 2245 
77 0 2 4 1460 2144 2272 
121 0 3 6 1784 2265 2285 
106 0 6 0 1678 2245 2295 
140 0 4 5 1909 2275 2295 
146 0 4 7 1970 2306 2316 
109 0 2 4 1697 2255 2322 
117 0 2 6 1749 2285 2335 
119 0 5 3 1770 2326 2336 
127 0 2 5 1815 2295 2345 
84 0 7 1 1516 2346 2356 
113 0 6 4 1718 2316 2373 
94 0 7 2 1593 2376 2386 
154 0 4 5 2016 2336 2395 
162 0 4 1 2069 2396 2406 
159 0 1 0 2057 2406 2416 
124 0 6 4 1794 2366 2423 
126 0 5 5 1810 2356 2445 
151 0 0 2 2007 2447 2457 
102 0 7 3 1643 2457 2467 
134 0 5 4 1879 2386 2473 
169 0 1 7 2126 2467 2477 
142 0 5 5 1928 2437 2495 
174 0 1 6 2168 2487 2497 
143 0 0 4 1930 2416 2523 
148 0 2 6 1973 2497 2547 
165 0 2 1 2092 2537 2547 
152 0 5 0 2008 2547 2557 
158 0 0 3 2055 2557 2567 
132 0 3 4 1852 2426 2573 
149 0 3 6 1983 2567 2597 
171 0 4 0 2128 2577 2607 
166 0 5 3 2110 2608 2618 
137 0 2 4 1895 2477 2623 
183 0 4 1 2225 2618 2628 
161 0 5 6 2066 2587 2647 
108 0 7 5 1693 2638 2648 
176 0 4 0 2175 2597 2657 
115 0 7 2 1733 2648 2658 
139 0 3 4 1907 2507 2673 
141 0 6 1 1917 2628 2678 
172 0 2 6 2151 2658 2697 
147 0 6 5 1971 2678 2698 
123 0 7 2 1791 2668 2708 
129 0 7 0 1836 2708 2718 
157 0 2 4 2047 2517 2723 
188 0 4 1 2267 2698 2728 
181 0 2 2 2219 2729 2758 
153 0 6 0 2013 2749 2768 
130 0 6 4 1840 2527 2773 
192 0 2 1 2288 2739 2778 
178 0 5 6 2184 2779 2789 
200 0 1 2 2353 2759 2808 
206 0 1 7 2396 2799 2809 
202 0 2 0 2359 2769 2819 
155 0 3 3 2032 2809 2819 
182 0 1 4 2224 2688 2823 
160 0 6 6 2062 2789 2839 
177 0 6 1 2183 2850 2860 
136 0 7 0 1891 2829 2869 
145 0 7 3 1962 2860 2870 
190 0 1 4 2279 2718 2873 
196 0 4 6 2312 2819 2889 
170 0 0 0 2127 2880 2919 
187 0 5 3 2261 2900 2920 
214 0 1 7 2451 2910 2920 
167 0 6 4 2117 2840 2923 
186 0 6 2 2237 2930 2940 
210 0 4 0 2424 2940 2969 
164 0 7 3 2090 2950 2970 
156 0 7 7 2033 2920 2970 
204 0 4 4 2375 2870 2974 
193 0 6 5 2293 2970 2980 
217 0 4 6 2471 2980 2990 
163 0 3 1 2077 2990 3000 
184 0 0 3 2230 3000 3020 
175 0 0 4 2171 2890 3024 
203 0 6 6 2368 3011 3040 
194 0 5 0 2303 3031 3041 
225 0 4 2 2527 3041 3051 
240 0 4 7 2643 3061 3071 
211 0 2 4 2432 2960 3074 
201 0 5 0 2353 3071 3091 
168 0 3 1 2122 3081 3091 
180 0 3 2 2201 3101 3111 
229 0 1 7 2565 3091 3121 
224 0 1 4 2524 3021 3124 
218 0 2 0 2474 3142 3152 
189 0 3 2 2276 3111 3161 
230 0 4 4 2569 3051 3174 
233 0 2 7 2595 3172 3183 
243 0 2 5 2671 3183 3193 
198 0 3 2 2341 3121 3211 
252 0 1 0 2757 3213 3223 
212 0 6 4 2433 3131 3224 
236 0 1 7 2638 3193 3233 
251 0 2 5 2730 3233 3243 
179 0 7 0 2194 3223 3273 
191 0 0 3 2283 3263 3273 
173 0 7 4 2153 3152 3274 
244 0 1 7 2687 3203 3283 
195 0 7 1 2303 3273 3283 
261 0 1 5 2816 3253 3293 
248 0 4 2 2723 3293 3303 
199 0 7 0 2348 3283 3323 
223 0 2 4 2519 3162 3324 
207 0 5 5 2397 3303 3343 
267 0 1 2 2862 3313 3353 
273 0 1 6 2903 3344 3354 
213 0 5 1 2448 3364 3374 
185 0 7 4 2237 3243 3374 
258 0 4 2 2796 3323 3403 
222 0 5 6 2517 3384 3404 
239 0 6 5 2642 3404 3414 
259 0 2 4 2801 3334 3424 
197 0 0 0 2337 3424 3434 
208 0 7 2 2400 3394 3454 
268 0 4 7 2868 3444 3454 
247 0 6 5 2713 3414 3464 
221 0 6 4 2509 3354 3474 
254 0 6 1 2775 3474 3485 
280 0 1 3 2953 3485 3495 
266 0 2 2 2856 3434 3504 
232 0 5 7 2572 3454 3504 
237 0 5 0 2638 3495 3505 
231 0 6 4 2571 3374 3524 
205 0 3 1 2393 3515 3535 
276 0 4 2 2933 3464 3554 
262 0 6 0 2831 3505 3555 
295 0 4 4 3059 3535 3574 
288 0 4 1 3006 3525 3585 
284 0 6 6 2990 3576 3586 
209 0 0 7 2411 3586 3596 
272 0 6 0 2901 3545 3605 
286 0 1 5 2995 3596 3606 
215 0 3 3 2456 3606 3616 
279 0 6 4 2945 3556 3624 
296 0 1 2 3068 3637 3647 
283 0 2 0 2985 3616 3655 
216 0 7 5 2466 3626 3656 
275 0 2 4 2926 3566 3674 
253 0 5 7 2760 3677 3687 
291 0 2 1 3028 3687 3697 
220 0 7 5 2508 3647 3706 
235 0 3 3 2601 3707 3717 
245 0 5 4 2691 3657 3725 
219 0 0 7 2486 3697 3737 
260 0 5 6 2805 3727 3737 
241 0 3 1 2649 3717 3747 
250 0 3 2 2727 3737 3747 
305 0 1 5 3131 3757 3767 
226 0 3 4 2530 3667 3775 
294 0 6 7 3047 3767 3787 
255 0 3 6 2776 3747 3787 
228 0 0 3 2562 3777 3788 
227 0 7 2 2560 3798 3808 
234 0 7 7 2600 3808 3837 
269 0 5 3 2884 3788 3838 
300 0 6 5 3106 3828 3838 
302 0 4 1 3107 3838 3848 
298 0 2 2 3072 3818 3858 
313 0 1 7 3199 3848 3887 
278 0 5 3 2939 3878 3888 
238 0 0 1 2642 3858 3898 
257 0 0 5 2788 3888 3898 
242 0 7 6 2651 3898 3909 
321 0 1 2 3249 3909 3919 
246 0 0 7 2708 3868 3937 
287 0 5 1 2998 3919 3948 
293 0 5 5 3046 3929 3949 
320 0 4 4 3241 3949 3959 
301 0 5 6 3107 3969 3979 
274 0 3 0 2917 3979 3989 
310 0 4 1 3172 3939 3998 
330 0 4 3 3314 3989 3999 
265 0 3 4 2850 3959 4009 
282 0 3 2 2973 3999 4009 
336 0 4 5 3372 4019 4029 
290 0 3 1 3026 4009 4048 
306 0 2 7 3140 4040 4050 
263 0 0 4 2835 4029 4059 
249 0 7 5 2725 4050 4080 
327 0 1 0 3306 4080 4090 
297 0 3 1 3070 4060 4098 
307 0 6 2 3148 4090 4100 
343 0 4 5 3418 4070 4130 
314 0 6 1 3205 4100 4149 
316 0 2 2 3219 4120 4150 
324 0 2 4 3269 4140 4150 
304 0 3 6 3126 4160 4170 
309 0 5 1 3172 4110 4199 
333 0 2 2 3345 4180 4200 
256 0 7 4 2783 4150 4200 
339 0 2 5 3412 4190 4201 
337 0 1 3 3383 4201 4211 
311 0 3 6 3180 4170 4220 
271 0 0 1 2899 4130 4249 
323 0 6 2 3262 4221 4250 
319 0 3 7 3237 4251 4261 
264 0 7 6 2849 4211 4270 
349 0 2 3 3468 4261 4271 
317 0 5 1 3232 4271 4299 
281 0 0 2 2959 4241 4300 
357 0 4 5 3542 4291 4301 
345 0 1 6 3431 4231 4321 
331 0 6 7 3336 4311 4321 
380 0 4 4 3694 4331 4342 
363 0 4 2 3588 4301 4350 
356 0 2 1 3541 4342 4352 
352 0 4 6 3491 4281 4371 
373 0 4 7 3651 4321 4371 
341 0 6 5 3414 4362 4372 
325 0 5 1 3286 4372 4402 
348 0 6 6 3468 4382 4421 
270 0 7 7 2898 4352 4422 
362 0 1 2 3567 4412 4422 
368 0 1 5 3607 4422 4432 
289 0 0 1 3008 4432 4452 
388 0 4 6 3756 4392 4471 
277 0 7 5 2939 4443 4483 
334 0 5 3 3353 4473 4483 
329 0 3 1 3313 4453 4502 
335 0 3 4 3360 4493 4503 
353 0 1 6 3497 4402 4521 
358 0 6 5 3546 4463 4533 
350 0 5 2 3471 4523 4533 
340 0 5 1 3413 4513 4552 
367 0 6 4 3605 4503 4553 
359 0 5 6 3549 4543 4571 
299 0 0 5 3081 4483 4583 
384 0 1 2 3719 4583 4593 
376 0 6 1 3658 4533 4602 
308 0 0 4 3159 4553 4603 
364 0 2 3 3593 4604 4614 
344 0 3 5 3420 4573 4633 
292 0 7 7 3035 4634 4644 
285 0 7 1 2994 4614 4652 
375 0 1 4 3657 4563 4653 
371 0 2 3 3640 4644 4664 
398 0 4 6 3824 4654 4664 
389 0 1 5 3766 4593 4683 
351 0 3 0 3481 4674 4684 
399 0 1 1 3841 4624 4702 
315 0 0 6 3213 4664 4714 
408 0 1 5 3907 4704 4733 
312 0 7 3 3187 4734 4744 
303 0 7 1 3115 4694 4752 
382 0 6 6 3708 4684 4764 
318 0 7 4 3233 4754 4764 
415 0 1 2 3947 4764 4775 
370 0 5 5 3618 4714 4783 
419 0 1 0 3987 4775 4785 
413 0 4 6 3937 4744 4814 
332 0 7 4 3339 4795 4815 
347 0 7 7 3466 4815 4825 
404 0 4 5 3865 4724 4833 
326 0 7 0 3296 4785 4835 
355 0 7 1 3535 4845 4855 
342 0 7 6 3418 4805 4864 
383 0 2 4 3719 4825 4865 
322 0 0 2 3253 4865 4875 
393 0 6 0 3785 4875 4885 
420 0 4 5 3993 4885 4895 
428 0 1 4 4061 4835 4915 
328 0 0 7 3311 4905 4916 
338 0 0 3 3391 4916 4926 
401 0 6 0 3847 4895 4935 
386 0 5 6 3728 4926 4936 
377 0 5 4 3668 4855 4965 
372 0 7 5 3650 4956 4966 
426 0 4 3 4037 4936 4976 
346 0 0 6 3464 4966 4986 
391 0 2 7 3770 4976 4986 
354 0 0 2 3515 4986 4996 
369 0 7 4 3607 4946 5015 
409 0 6 3 3913 5006 5026 
360 0 3 1 3554 5026 5036 
392 0 5 2 3781 4996 5046 
361 0 0 3 3560 5016 5076 
365 0 3 1 3595 5036 5087 
418 0 6 2 3984 5047 5096 
366 0 0 5 3601 5097 5107 
374 0 3 3 3651 5067 5126 
441 0 1 4 4158 5117 5127 
435 0 1 1 4104 5057 5137 
449 0 1 2 4216 5137 5147 
433 0 4 5 4092 5127 5157 
457 0 1 6 4276 5147 5157 
381 0 3 3 3695 5077 5176 
465 0 1 1 4329 5157 5187 
397 0 5 7 3823 5187 5197 
427 0 6 3 4038 5087 5226 
406 0 5 5 3885 5217 5228 
473 0 1 1 4388 5207 5237 
387 0 7 7 3741 5197 5247 
396 0 7 0 3821 5238 5248 
443 0 4 6 4167 5248 5258 
378 0 0 2 3670 5258 5268 
379 0 7 3 3691 5107 5276 
411 0 5 5 3934 5228 5278 
395 0 2 2 3810 5288 5318 
390 0 3 3 3767 5167 5326 
450 0 4 5 4222 5268 5328 
414 0 7 7 3940 5318 5328 
421 0 7 0 3998 5328 5339 
402 0 2 2 3852 5298 5368 
429 0 7 1 4075 5359 5369 
400 0 3 3 3846 5177 5376 
462 0 4 5 4300 5308 5378 
482 0 1 7 4451 5339 5379 
437 0 7 6 4116 5369 5379 
423 0 5 1 4014 5379 5419 
416 0 3 4 3976 5409 5419 
405 0 7 3 3883 5278 5426 
470 0 4 5 4365 5349 5428 
431 0 5 6 4082 5399 5429 
436 0 6 0 4108 5419 5429 
445 0 7 1 4177 5439 5469 
424 0 3 2 4031 5459 5470 
385 0 0 3 3725 5429 5476 
407 0 3 5 3896 5389 5478 
489 0 1 0 4515 5449 5479 
394 0 0 2 3789 5490 5520 
446 0 6 3 4188 5480 5526 
497 0 1 0 4577 5470 5529 
432 0 3 6 4088 5520 5530 
452 0 7 5 4230 5530 5540 
510 0 1 7 4652 5540 5550 
447 0 5 2 4197 5550 5570 
439 0 5 0 4136 5500 5580 
403 0 0 5 3857 5560 5590 
412 0 0 4 3935 5580 5590 
442 0 3 1 4160 5600 5610 
454 0 6 2 4248 5590 5620 
478 0 4 7 4419 5610 5620 
410 0 2 0 3927 5510 5630 
455 0 5 5 4250 5570 5640 
458 0 7 2 4278 5620 5670 
434 0 2 6 4097 5661 5671 
468 0 7 0 4352 5631 5680 
460 0 5 4 4291 5671 5681 
417 0 2 5 3982 5641 5690 
519 0 1 3 4727 5701 5711 
425 0 2 2 4036 5651 5720 
466 0 5 6 4339 5691 5721 
440 0 2 4 4137 5681 5731 
475 0 5 5 4399 5711 5740 
448 0 2 3 4207 5751 5761 
463 0 6 0 4303 5761 5771 
451 0 3 4 4224 5731 5781 
469 0 3 7 4354 5771 5781 
422 0 0 5 4007 5721 5790 
474 0 3 3 4399 5792 5811 
459 0 3 4 4288 5741 5831 
456 0 2 5 4263 5781 5840 
464 0 2 2 4315 5832 5842 
483 0 4 3 4463 5802 5861 
502 0 4 7 4599 5862 5872 
528 0 1 4 4789 5812 5881 
430 0 0 2 4077 5852 5892 
476 0 7 3 4400 5842 5912 
467 0 6 6 4346 5902 5912 
438 0 0 7 4127 5872 5922 
493 0 4 4 4534 5822 5931 
484 0 5 1 4475 5922 5933 
444 0 0 2 4175 5882 5942 
461 0 0 0 4299 5943 5953 
453 0 0 3 4231 5892 5962 
477 0 6 6 4402 5933 5962 
485 0 3 1 4476 5953 5983 
505 0 4 2 4641 5912 5992 
472 0 0 7 4377 5983 5993 
486 0 6 0 4478 5973 6003 
515 0 4 3 4708 5963 6012 
527 0 4 6 4787 6003 6013 
487 0 7 1 4494 6023 6033 
492 0 3 2 4532 5993 6042 
495 0 7 3 4559 6033 6062 
471 0 2 0 4375 6053 6063 
532 0 1 4 4836 6063 6073 
480 0 0 1 4449 6043 6083 
481 0 7 2 4450 6013 6092 
479 0 2 0 4445 6073 6113 
547 0 1 5 4944 6104 6114 
496 0 0 6 4563 6114 6124 
540 0 1 1 4902 6094 6133 
491 0 2 2 4524 6134 6144 
488 0 0 0 4511 6084 6164 
494 0 5 6 4541 6144 6174 
504 0 0 1 4606 6124 6183 
555 0 1 5 5016 6174 6184 
490 0 6 0 4523 6154 6214 
535 0 4 4 4842 6204 6214 
500 0 6 6 4584 6164 6224 
544 0 4 7 4918 6214 6224 
564 0 1 5 5075 6184 6234 
499 0 3 4 4583 6245 6264 
506 0 3 2 4642 6255 6265 
512 0 7 7 4669 6224 6275 
558 0 4 3 5041 6265 6275 
503 0 7 5 4602 6194 6284 
520 0 7 6 4741 6285 6295 
525 0 7 7 4786 6315 6325 
549 0 4 5 4962 6235 6334 
511 0 0 2 4658 6325 6335 
573 0 1 6 5144 6295 6345 
518 0 0 7 4715 6335 6375 
517 0 3 3 4709 6365 6375 
501 0 5 5 4590 6275 6384 
508 0 6 4 4646 6375 6385 
522 0 3 1 4760 6406 6416 
565 0 4 7 5083 6345 6425 
507 0 5 5 4646 6305 6435 
513 0 6 3 4701 6426 6436 
575 0 4 6 5156 6436 6446 
534 0 7 2 4842 6446 6456 
524 0 0 1 4772 6416 6466 
581 0 1 5 5200 6355 6485 
584 0 4 6 5225 6466 6496 
531 0 0 7 4831 6486 6496 
521 0 5 2 4752 6476 6506 
543 0 7 1 4918 6496 6516 
498 0 2 5 4579 6385 6535 
509 0 2 6 4650 6526 6546 
529 0 3 0 4814 6546 6556 
610 0 1 1 5420 6556 6566 
516 0 5 5 4709 6395 6585 
526 0 2 4 4786 6576 6587 
514 0 2 6 4708 6536 6596 
625 0 1 7 5530 6587 6597 
548 0 0 1 4960 6607 6617 
588 0 1 5 5269 6456 6635 
552 0 7 0 4984 6627 6637 
617 0 1 6 5480 6566 6646 
539 0 0 7 4899 6597 6647 
533 0 6 1 4842 6647 6667 
559 0 7 4 5042 6667 6677 
598 0 1 5 5328 6506 6685 
541 0 6 0 4904 6657 6687 
594 0 4 6 5293 6617 6696 
536 0 2 1 4860 6697 6717 
566 0 7 7 5083 6717 6727 
604 0 1 5 5370 6516 6735 
530 0 5 0 4816 6687 6737 
633 0 1 6 5591 6677 6746 
546 0 3 4 4939 6747 6757 
542 0 2 1 4916 6727 6767 
554 0 2 3 4988 6757 6768 
523 0 6 5 4769 6637 6785 
545 0 5 0 4938 6768 6787 
538 0 5 6 4867 6707 6796 
551 0 5 4 4984 6788 6808 
537 0 3 1 4863 6737 6817 
562 0 5 3 5059 6798 6818 
569 0 5 5 5103 6828 6838 
553 0 3 7 4986 6838 6848 
557 0 0 1 5035 6778 6867 
550 0 6 3 4968 6818 6868 
572 0 7 0 5129 6868 6879 
601 0 4 5 5354 6848 6888 
561 0 3 2 5054 6899 6909 
639 0 1 1 5635 6808 6917 
646 0 1 3 5686 6879 6918 
556 0 6 5 5026 6858 6938 
570 0 3 2 5117 6939 6959 
568 0 0 0 5102 6949 6959 
563 0 6 1 5074 6909 6967 
560 0 2 3 5052 6889 6968 
618 0 4 6 5490 6959 6969 
577 0 0 7 5162 6969 6979 
579 0 7 5 5187 6919 6988 
654 0 1 4 5733 6989 6999 
609 0 4 1 5415 6929 7017 
578 0 5 7 5178 6979 7029 
567 0 2 5 5101 7010 7038 
661 0 1 3 5779 7030 7040 
627 0 4 4 5550 6999 7050 
587 0 7 1 5263 7050 7067 
571 0 6 7 5123 7060 7079 
586 0 5 5 5247 7020 7088 
574 0 2 3 5145 7040 7090 
580 0 6 6 5197 7090 7100 
635 0 4 7 5609 7070 7130 
593 0 0 2 5291 7120 7130 
583 0 0 5 5219 7100 7139 
643 0 4 3 5658 7080 7140 
582 0 2 0 5218 7130 7140 
592 0 5 1 5290 7140 7150 
591 0 6 7 5275 7110 7180 
590 0 2 2 5275 7150 7180 
602 0 0 6 5359 7170 7181 
595 0 7 5 5309 7160 7189 
669 0 1 3 5843 7191 7201 
599 0 6 6 5330 7181 7231 
612 0 0 1 5433 7221 7231 
603 0 7 5 5366 7201 7239 
585 0 3 4 5230 7231 7241 
676 0 1 7 5885 7241 7251 
576 0 3 6 5161 7211 7281 
600 0 5 1 5336 7261 7281 
619 0 0 5 5494 7271 7289 
596 0 2 4 5317 7251 7291 
613 0 7 3 5435 7281 7291 
589 0 3 2 5274 7301 7311 
606 0 5 7 5380 7311 7322 
605 0 2 4 5370 7291 7341 
628 0 0 3 5554 7322 7341 
608 0 6 2 5401 7352 7362 
685 0 1 5 5948 7362 7372 
621 0 7 3 5502 7332 7391 
614 0 2 6 5436 7392 7402 
620 0 5 2 5499 7372 7412 
636 0 7 5 5617 7402 7422 
607 0 3 0 5382 7422 7432 
615 0 5 3 5448 7342 7441 
626 0 7 2 5546 7382 7462 
611 0 3 5 5427 7432 7472 
631 0 5 1 5576 7472 7483 
634 0 0 3 5595 7442 7492 
597 0 3 2 5317 7412 7512 
624 0 6 5 5530 7462 7522 
700 0 1 7 6073 7513 7523 
616 0 6 3 5477 7452 7542 
710 0 1 0 6145 7543 7553 
623 0 2 2 5515 7483 7562 
719 0 1 4 6220 7553 7563 
665 0 7 5 5821 7533 7573 
641 0 0 0 5650 7563 7603 
637 0 5 7 5619 7593 7603 
695 0 1 2 6018 7493 7612 
728 0 1 5 6273 7573 7623 
651 0 0 3 5705 7623 7634 
736 0 1 6 6350 7634 7644 
630 0 6 0 5574 7603 7653 
648 0 7 2 5694 7503 7662 
632 0 2 5 5578 7583 7673 
659 0 0 0 5767 7674 7703 
746 0 1 7 6426 7694 7704 
660 0 7 2 5768 7523 7713 
644 0 5 4 5659 7704 7714 
622 0 3 5 5504 7613 7723 
653 0 6 1 5733 7724 7734 
675 0 7 3 5876 7734 7744 
645 0 6 2 5679 7654 7763 
666 0 0 4 5825 7714 7764 
640 0 6 5 5638 7644 7773 
670 0 6 1 5848 7754 7784 
629 0 3 2 5554 7684 7813 
673 0 0 4 5868 7764 7814 
642 0 2 5 5656 7664 7823 
658 0 5 1 5764 7795 7834 
668 0 5 3 5837 7835 7845 
650 0 4 2 5704 7775 7863 
649 0 5 4 5700 7785 7864 
662 0 6 5 5796 7744 7873 
677 0 5 6 5898 7865 7875 
682 0 7 2 5931 7825 7913 
679 0 0 4 5918 7815 7914 
687 0 0 3 5959 7905 7916 
756 0 1 5 6505 7805 7923 
686 0 6 6 5958 7885 7925 
689 0 7 0 5988 7936 7946 
647 0 3 1 5692 7946 7956 
678 0 6 2 5906 7845 7963 
655 0 2 4 5755 7875 7964 
764 0 1 3 6572 7916 7966 
652 0 2 5 5709 7855 7973 
684 0 5 6 5948 7986 7996 
657 0 4 1 5763 7966 8006 
691 0 6 2 6008 7895 8013 
701 0 0 3 6078 7976 8016 
638 0 3 5 5627 7926 8024 
703 0 6 0 6088 8016 8026 
674 0 4 7 5872 8026 8036 
770 0 1 4 6613 8036 8046 
671 0 2 1 5860 8046 8057 
692 0 0 2 6010 7956 8063 
664 0 2 3 5817 7996 8066 
663 0 4 5 5807 8006 8074 
690 0 2 4 6003 8077 8097 
712 0 6 1 6167 8087 8107 
683 0 2 3 5940 8057 8116 
694 0 5 5 6013 8067 8124 
720 0 6 0 6226 8117 8127 
672 0 3 4 5867 8127 8147 
696 0 7 6 6040 8147 8157 
656 0 3 3 5758 8097 8166 
667 0 3 5 5827 8107 8174 
713 0 0 7 6168 8177 8188 
688 0 4 1 5975 8188 8198 
699 0 5 6 6059 8157 8207 
697 0 4 4 6049 8198 8208 
707 0 0 5 6121 8137 8224 
708 0 5 7 6128 8218 8238 
723 0 0 1 6245 8228 8248 
681 0 3 3 5931 8238 8248 
680 0 4 5 5927 8167 8274 
784 0 1 7 6718 8268 8288 
792 0 1 0 6770 8278 8288 
727 0 6 3 6266 8258 8298 
704 0 7 6 6091 8298 8308 
776 0 1 5 6653 8208 8324 
705 0 2 4 6109 8318 8328 
716 0 4 0 6191 8308 8338 
706 0 4 3 6112 8288 8348 
729 0 4 6 6300 8339 8358 
698 0 2 5 6054 8248 8374 
735 0 6 0 6346 8349 8388 
693 0 3 7 6011 8379 8389 
721 0 4 3 6233 8328 8398 
715 0 5 1 6191 8389 8399 
800 0 1 7 6828 8399 8439 
714 0 7 3 6170 8359 8448 
742 0 6 0 6403 8449 8459 
809 0 1 2 6903 8459 8470 
722 0 7 7 6243 8409 8489 
702 0 3 1 6082 8480 8490 
739 0 4 3 6372 8369 8498 
711 0 2 7 6161 8419 8539 
761 0 4 1 6560 8500 8540 
718 0 2 3 6201 8429 8548 
838 0 1 4 7120 8540 8550 
751 0 6 5 6477 8570 8580 
745 0 4 7 6425 8439 8589 
769 0 4 1 6612 8510 8590 
817 0 1 3 6965 8470 8598 
732 0 7 4 6321 8550 8600 
744 0 5 2 6416 8610 8620 
753 0 4 3 6488 8490 8649 
724 0 2 4 6257 8590 8650 
730 0 0 7 6312 8640 8651 
709 0 3 2 6129 8620 8670 
725 0 5 3 6265 8520 8699 
758 0 6 4 6524 8630 8700 
856 0 1 7 7260 8651 8701 
752 0 5 5 6486 8701 8711 
785 0 4 2 6718 8691 8721 
747 0 7 1 6428 8731 8741 
827 0 1 3 7044 8530 8749 
778 0 4 4 6672 8661 8750 
755 0 7 0 6504 8751 8761 
794 0 4 2 6787 8711 8771 
762 0 7 5 6563 8771 8781 
846 0 1 3 7182 8560 8799 
865 0 1 4 7320 8761 8800 
717 0 3 0 6196 8791 8811 
737 0 0 7 6372 8801 8811 
743 0 2 2 6412 8741 8821 
731 0 5 3 6314 8580 8849 
774 0 7 4 6642 8781 8850 
726 0 3 7 6265 8832 8861 
872 0 1 5 7380 8852 8862 
749 0 2 2 6471 8811 8871 
816 0 4 6 6958 8872 8882 
733 0 3 1 6324 8882 8892 
738 0 5 3 6372 8600 8899 
807 0 4 7 6885 8862 8912 
801 0 4 2 6831 8821 8921 
786 0 7 6 6732 8892 8932 
825 0 4 5 7025 8922 8932 
879 0 1 0 7420 8932 8942 
734 0 2 3 6334 8671 8949 
748 0 0 6 6452 8902 8982 
768 0 5 5 6593 8952 8982 
842 0 4 1 7147 8972 8982 
831 0 4 0 7074 8962 8992 
740 0 7 3 6387 8681 8999 
777 0 5 2 6669 9013 9023 
797 0 7 6 6808 8912 9032 
850 0 4 1 7215 8993 9033 
788 0 5 4 6743 9023 9033 
771 0 6 0 6622 8982 9042 
759 0 5 3 6539 8721 9049 
789 0 6 5 6743 9053 9063 
763 0 6 6 6572 8942 9082 
889 0 1 4 7500 9073 9083 
782 0 7 3 6690 8842 9099 
906 0 1 7 7634 9093 9103 
781 0 6 6 6690 9003 9132 
804 0 7 4 6875 9114 9133 
815 0 7 2 6953 9124 9134 
760 0 2 3 6539 9033 9149 
869 0 4 1 7350 9154 9164 
798 0 6 6 6817 9103 9182 
754 0 0 4 6501 9144 9184 
767 0 2 3 6590 9043 9200 
773 0 0 7 6634 9214 9224 
875 0 4 6 7412 9194 9233 
765 0 0 4 6575 9164 9234 
925 0 1 5 7771 9224 9234 
836 0 7 2 7098 9234 9244 
858 0 4 3 7273 9063 9250 
884 0 4 6 7465 9255 9283 
914 0 1 4 7694 9174 9284 
772 0 2 5 6631 9244 9285 
897 0 1 3 7556 9083 9300 
814 0 6 7 6942 9295 9305 
843 0 7 2 7152 9305 9315 
891 0 4 6 7519 9265 9333 
806 0 6 4 6884 9184 9334 
779 0 2 5 6686 9285 9335 
750 0 3 0 6476 9325 9335 
823 0 7 3 7006 9134 9350 
790 0 2 7 6761 9355 9365 
900 0 4 4 7582 9275 9384 
852 0 7 5 7227 9345 9385 
780 0 0 0 6687 9365 9385 
820 0 6 2 6995 9375 9385 
757 0 3 1 6518 9385 9396 
830 0 7 3 7058 9204 9400 
741 0 3 4 6401 9315 9434 
907 0 4 5 7640 9406 9435 
915 0 4 7 7698 9426 9436 
775 0 3 1 6648 9416 9446 
766 0 3 3 6577 9396 9450 
796 0 5 4 6808 9335 9484 
867 0 7 5 7343 9456 9485 
793 0 0 6 6786 9476 9486 
791 0 3 0 6763 9486 9496 
808 0 3 3 6886 9516 9527 
862 0 7 4 7297 9436 9534 
787 0 0 5 6742 9466 9535 
799 0 3 0 6821 9496 9546 
877 0 7 1 7415 9537 9547 
783 0 3 4 6712 9446 9584 
832 0 6 5 7076 9506 9585 
803 0 5 0 6873 9547 9596 
840 0 6 1 7135 9567 9597 
883 0 7 7 7464 9597 9607 
802 0 0 4 6841 9527 9634 
812 0 3 5 6929 9557 9635 
929 0 4 3 7794 9627 9638 
810 0 0 0 6912 9607 9647 
934 0 1 1 7837 9577 9647 
821 0 3 2 6996 9648 9658 
950 0 1 7 7961 9658 9668 
795 0 2 6 6805 9668 9678 
922 0 4 5 7753 9587 9685 
818 0 0 3 6970 9678 9688 
848 0 6 0 7194 9638 9697 
811 0 5 7 6913 9688 9718 
943 0 1 5 7914 9617 9735 
819 0 5 3 6979 9708 9738 
805 0 2 1 6880 9728 9738 
824 0 0 6 7022 9749 9759 
813 0 2 4 6933 9759 9769 
896 0 7 5 7542 9698 9785 
901 0 7 3 7591 9738 9788 
860 0 6 1 7295 9769 9789 
829 0 5 7 7054 9809 9819 
909 0 7 4 7647 9819 9829 
855 0 6 5 7243 9718 9835 
833 0 0 3 7077 9779 9838 
959 0 1 1 8025 9789 9839 
967 0 1 0 8084 9829 9839 
918 0 7 2 7717 9859 9869 
973 0 1 5 8137 9839 9885 
935 0 4 1 7841 9799 9889 
837 0 5 0 7107 9849 9889 
941 0 4 3 7901 9880 9890 
868 0 6 6 7349 9890 9900 
828 0 3 2 7048 9869 9920 
822 0 2 5 7003 9920 9936 
835 0 3 0 7097 9910 9939 
949 0 4 6 7941 9900 9950 
927 0 7 2 7784 9940 9970 
834 0 2 7 7096 9960 9970 
845 0 2 4 7170 9970 9980 
826 0 2 6 7043 9930 10000 
878 0 6 0 7420 9990 10000 
990 0 1 3 8251 10000 10010 
854 0 2 4 7232 9980 10030 
863 0 2 5 7308 10021 10031 
851 0 5 1 7216 10031 10041 
982 0 1 6 8197 9950 10050 
839 0 0 7 7125 10041 10051 
844 0 5 3 7159 10010 10061 
885 0 6 1 7468 10051 10091 
894 0 6 5 7530 10081 10091 
994 0 1 6 8293 10071 10100 
955 0 4 2 7998 10091 10101 
873 0 2 3 7383 10061 10111 
903 0 6 0 7609 10101 10111 
963 0 4 4 8064 10111 10121 
933 0 7 1 7833 10121 10141 
847 0 0 7 7185 10141 10151 
942 0 7 0 7907 10131 10161 
853 0 0 3 7231 10151 10161 
971 0 4 5 8118 10161 10172 
911 0 6 6 7659 10172 10182 
916 0 6 0 7699 10192 10211 
977 0 4 3 8168 10182 10211 
984 0 4 2 8228 10202 10212 
861 0 5 5 7296 10222 10232 
997 0 4 1 8303 10232 10242 
871 0 5 0 7370 10242 10261 
859 0 0 3 7279 10212 10262 
1004 0 4 4 8366 10252 10262 
876 0 5 7 7414 10262 10272 
866 0 0 2 7325 10272 10282 
841 0 3 1 7138 10282 10292 
1016 0 4 6 8445 10302 10313 
849 0 3 2 7211 10292 10332 
886 0 5 7 7470 10323 10333 
1021 0 4 1 8494 10333 10343 
953 0 7 6 7986 10313 10363 
857 0 3 4 7261 10353 10363 
960 0 7 2 8026 10343 10382 
864 0 3 7 7311 10383 10393 
881 0 2 0 7443 10393 10403 
923 0 6 6 7758 10363 10413 
975 0 7 5 8147 10413 10423 
965 0 7 2 8067 10373 10432 
890 0 2 7 7506 10403 10443 
1031 0 4 4 8561 10433 10443 
930 0 6 0 7808 10423 10453 
874 0 0 3 7383 10443 10453 
899 0 2 5 7571 10474 10484 
981 0 7 4 8192 10464 10493 
1038 0 4 0 8624 10484 10503 
870 0 3 3 7366 10453 10504 
1002 0 1 2 8347 10494 10504 
912 0 2 1 7673 10534 10544 
905 0 2 0 7620 10504 10553 
988 0 7 2 8242 10514 10554 
993 0 7 6 8283 10544 10554 
882 0 0 1 7444 10564 10594 
887 0 0 4 7485 10584 10594 
1046 0 4 0 8671 10524 10603 
880 0 3 6 7436 10554 10604 
919 0 2 7 7722 10604 10614 
939 0 6 0 7861 10624 10653 
892 0 5 6 7525 10574 10654 
947 0 6 5 7925 10645 10655 
1012 0 7 7 8436 10675 10685 
1009 0 7 0 8393 10634 10704 
888 0 3 6 7485 10594 10704 
1054 0 4 5 8734 10655 10705 
893 0 3 1 7529 10695 10705 
951 0 6 0 7969 10685 10754 
1000 0 7 6 8331 10614 10754 
1008 0 1 5 8391 10715 10755 
1014 0 1 4 8442 10776 10786 
1071 0 4 3 8870 10786 10796 
902 0 3 0 7596 10705 10804 
895 0 0 6 7540 10665 10804 
1019 0 7 5 8481 10765 10805 
962 0 6 7 8045 10796 10806 
979 0 6 1 8174 10816 10826 
898 0 5 4 7565 10826 10836 
904 0 0 0 7616 10725 10854 
1063 0 4 6 8802 10735 10855 
1028 0 7 5 8542 10836 10855 
986 0 6 1 8233 10846 10876 
1023 0 1 3 8501 10876 10886 
1030 0 1 2 8546 10886 10896 
910 0 3 0 7658 10745 10904 
926 0 3 5 7779 10856 10905 
