1 0 0 6 2278 2278 2290 
37 1 1 1 2278 2290 2300 
38 0 2 2 2278 2300 2310 
71 0 4 3 2278 2310 2320 
110 0 6 4 2278 2320 2331 
13 0 0 5 2326 2332 2342 
45 0 2 2 2311 2342 2360 
70 1 3 1 2278 2352 2362 
76 0 4 4 2302 2362 2381 
2 0 0 7 2285 2373 2383 
47 0 2 2 2321 2383 2411 
21 0 0 0 2361 2404 2414 
46 0 2 3 2316 2414 2424 
82 0 4 4 2328 2393 2431 
41 0 2 5 2293 2435 2445 
155 1 1 0 2455 2457 2467 
87 0 4 4 2346 2424 2481 
79 0 4 2 2317 2477 2487 
49 0 2 5 2328 2467 2495 
39 0 2 6 2285 2498 2508 
88 0 4 4 2351 2445 2531 
91 0 4 2 2364 2508 2537 
50 0 2 7 2333 2529 2539 
73 0 4 5 2290 2539 2549 
147 1 5 4 2340 2487 2581 
130 0 6 2 2355 2549 2587 
44 0 2 0 2306 2581 2591 
74 0 4 5 2293 2591 2601 
54 0 2 1 2352 2612 2622 
115 0 6 4 2300 2518 2631 
16 0 0 2 2339 2602 2637 
153 1 3 0 2426 2622 2641 
125 0 6 5 2335 2632 2651 
55 0 2 3 2357 2653 2663 
145 1 3 1 2335 2663 2673 
143 1 7 4 2278 2559 2681 
26 0 0 2 2380 2643 2687 
83 0 4 0 2333 2673 2691 
152 1 7 5 2413 2683 2701 
40 0 2 6 2290 2715 2725 
7 0 0 4 2304 2571 2731 
150 1 3 3 2386 2725 2735 
28 0 0 2 2390 2694 2737 
77 0 4 1 2307 2735 2745 
166 1 5 0 2628 2745 2755 
22 0 0 5 2366 2756 2766 
169 1 1 4 2662 2704 2781 
176 1 1 2 2753 2766 2787 
157 1 3 6 2475 2786 2796 
72 0 4 3 2283 2796 2806 
114 0 6 0 2296 2806 2816 
27 0 0 5 2385 2817 2827 
60 0 2 4 2378 2776 2831 
52 0 2 7 2342 2827 2837 
86 0 4 6 2343 2847 2858 
109 1 5 3 2278 2858 2868 
148 1 7 0 2372 2868 2878 
171 1 3 4 2686 2837 2881 
48 0 2 2 2324 2889 2899 
84 0 4 7 2336 2899 2909 
149 1 5 6 2385 2909 2919 
23 0 0 0 2370 2879 2928 
122 0 6 3 2321 2919 2929 
56 0 2 5 2362 2940 2950 
182 1 3 2 2842 2950 2960 
89 0 4 4 2356 2960 2970 
172 1 1 0 2703 2930 2978 
165 1 5 7 2586 2970 2980 
111 0 6 6 2285 2980 2991 
187 1 7 3 2901 2991 3001 
59 0 2 5 2373 3012 3022 
167 1 3 0 2639 3022 3032 
92 0 4 2 2368 3032 3042 
3 0 0 3 2288 3002 3051 
179 1 5 1 2804 3042 3052 
119 0 6 7 2312 3052 3062 
156 1 7 6 2464 3062 3072 
151 1 1 3 2406 3084 3101 
175 1 3 0 2745 3094 3104 
75 0 4 5 2298 3104 3114 
9 0 0 6 2310 3074 3122 
185 1 5 2 2888 3114 3124 
112 0 6 1 2289 3124 3134 
162 1 3 3 2564 3145 3155 
94 0 4 5 2378 3155 3165 
192 1 1 6 2998 3135 3173 
120 0 6 4 2315 3165 3175 
158 1 7 1 2519 3175 3185 
78 0 4 3 2312 3207 3217 
42 0 2 6 2296 3197 3223 
189 1 5 5 2953 3217 3227 
15 0 0 1 2333 3186 3235 
121 0 6 4 2318 3227 3237 
177 1 7 2 2766 3237 3247 
80 0 4 3 2321 3268 3278 
146 1 1 1 2337 3258 3286 
139 0 6 7 2392 3278 3288 
30 0 0 2 2399 3248 3297 
144 1 7 4 2331 3288 3298 
97 0 4 6 2389 3320 3330 
159 1 3 1 2519 3309 3336 
20 0 0 7 2358 3299 3338 
154 1 5 3 2451 3330 3340 
203 1 7 5 3152 3340 3350 
36 0 0 2 2424 3351 3361 
191 1 3 1 2972 3371 3386 
58 0 2 7 2370 3361 3388 
99 0 4 6 2396 3381 3391 
126 0 6 3 2339 3391 3401 
196 1 1 2 3061 3412 3422 
205 1 3 7 3175 3422 3438 
85 0 4 0 2340 3432 3442 
4 0 0 3 2292 3402 3451 
170 1 5 6 2672 3442 3452 
113 0 6 1 2292 3452 3462 
51 0 2 2 2337 3474 3484 
215 1 3 7 3324 3484 3494 
5 0 0 3 2296 3464 3501 
195 1 5 0 3028 3494 3504 
117 0 6 6 2306 3504 3514 
8 0 0 4 2307 3515 3525 
194 1 3 2 3017 3535 3545 
180 1 1 3 2828 3525 3551 
202 1 5 7 3145 3545 3555 
135 0 6 0 2376 3555 3565 
168 1 7 6 2644 3565 3575 
29 0 0 5 2395 3576 3587 
200 1 1 4 3104 3587 3597 
211 1 3 3 3250 3597 3607 
100 0 4 2 2401 3607 3617 
210 1 5 7 3248 3617 3627 
116 0 6 1 2303 3627 3637 
190 1 7 0 2955 3637 3647 
12 0 0 6 2321 3648 3658 
212 1 1 5 3295 3658 3668 
61 0 2 4 2381 3668 3678 
197 1 3 0 3069 3678 3697 
81 0 4 3 2325 3688 3698 
123 0 6 1 2325 3698 3708 
225 1 7 7 3467 3708 3719 
216 1 1 5 3337 3720 3730 
43 0 2 6 2301 3730 3740 
178 1 3 4 2788 3740 3750 
90 0 4 3 2360 3750 3760 
228 1 7 7 3540 3760 3770 
64 0 2 5 2393 3771 3781 
233 1 3 0 3607 3781 3791 
95 0 4 4 2381 3791 3801 
160 1 5 3 2523 3801 3811 
232 1 7 7 3606 3811 3822 
245 1 3 5 3807 3833 3843 
102 0 4 6 2411 3843 3853 
246 1 5 2 3820 3853 3863 
229 1 1 7 3545 3823 3872 
129 0 6 3 2351 3863 3873 
173 1 7 1 2712 3873 3883 
248 1 3 0 3865 3904 3914 
242 1 1 7 3749 3894 3922 
96 0 4 5 2386 3914 3924 
18 0 0 1 2349 3884 3933 
217 1 5 4 3366 3924 3934 
221 1 7 2 3426 3934 3945 
6 0 0 3 2299 3946 3956 
230 1 3 7 3556 3966 3976 
161 1 1 1 2524 3956 3983 
104 0 4 6 2419 3976 3986 
243 1 5 5 3758 3986 3996 
127 0 6 4 2344 3996 4006 
244 1 7 2 3805 4006 4016 
32 0 0 3 2409 4017 4027 
201 1 3 1 3113 4037 4047 
93 0 4 0 2374 4047 4057 
204 1 1 2 3153 4027 4066 
174 1 5 6 2728 4057 4068 
163 1 7 4 2578 4068 4078 
224 1 1 3 3465 4089 4099 
53 0 2 2 2348 4099 4116 
237 1 3 1 3660 4109 4119 
10 0 0 4 2313 4079 4128 
105 0 4 0 2424 4119 4129 
199 1 5 6 3080 4129 4139 
57 0 2 2 2366 4150 4166 
183 1 5 3 2846 4160 4170 
208 1 1 4 3219 4140 4178 
118 0 6 6 2309 4170 4189 
235 1 1 5 3621 4181 4191 
223 1 3 2 3442 4202 4217 
249 1 5 7 3869 4212 4222 
63 0 2 4 2388 4191 4228 
213 1 7 6 3315 4222 4239 
239 1 1 5 3691 4243 4253 
107 0 4 2 2430 4263 4273 
186 1 3 4 2898 4253 4278 
264 1 5 7 4090 4273 4283 
14 0 0 6 2329 4233 4289 
247 1 1 5 3830 4284 4303 
206 1 5 0 3201 4305 4315 
98 0 4 4 2392 4294 4328 
236 1 7 7 3655 4315 4333 
251 1 1 6 3901 4326 4339 
234 1 5 1 3618 4336 4346 
140 0 6 0 2396 4346 4365 
240 1 7 7 3735 4356 4383 
260 1 3 6 4026 4377 4389 
283 1 5 1 4346 4387 4397 
193 1 7 0 3005 4397 4415 
273 1 1 5 4212 4408 4418 
231 1 5 3 3570 4418 4428 
266 1 1 7 4121 4367 4433 
124 0 6 1 2330 4428 4447 
254 1 7 2 3934 4439 4449 
253 1 3 5 3924 4460 4470 
222 1 5 4 3428 4470 4480 
288 1 1 7 4419 4450 4484 
131 0 6 3 2359 4480 4490 
209 1 7 1 3246 4490 4500 
103 0 4 5 2415 4521 4531 
290 1 3 7 4441 4511 4534 
238 1 5 6 3684 4531 4542 
19 0 0 1 2354 4501 4550 
132 0 6 3 2363 4542 4552 
263 1 7 2 4076 4552 4562 
106 0 4 5 2427 4573 4583 
297 1 5 6 4562 4583 4593 
164 1 1 1 2583 4563 4600 
133 0 6 3 2368 4593 4603 
278 1 7 2 4286 4603 4613 
257 1 5 5 3979 4634 4644 
267 1 3 1 4145 4624 4650 
141 0 6 4 2401 4644 4654 
62 0 2 2 2384 4614 4663 
265 1 7 3 4117 4654 4664 
302 1 3 7 4633 4686 4696 
214 1 5 0 3321 4696 4706 
303 1 1 2 4651 4676 4713 
33 0 0 3 2412 4666 4715 
128 0 6 6 2348 4706 4716 
181 1 7 4 2835 4716 4726 
68 0 2 2 2409 4747 4763 
276 1 1 3 4267 4737 4765 
281 1 3 1 4327 4757 4767 
11 0 0 4 2318 4727 4776 
268 1 5 0 4155 4767 4777 
136 0 6 6 2379 4777 4787 
282 1 7 5 4339 4787 4797 
262 1 3 2 4075 4809 4819 
219 1 1 4 3389 4798 4826 
279 1 5 0 4303 4819 4829 
295 1 7 5 4504 4829 4848 
308 1 3 3 4712 4860 4870 
65 0 2 4 2397 4850 4876 
286 1 5 1 4394 4870 4880 
142 0 6 0 2404 4880 4890 
296 1 1 5 4555 4840 4898 
218 1 7 6 3371 4890 4900 
220 1 3 4 3400 4912 4926 
292 1 5 2 4499 4922 4932 
134 0 6 3 2372 4932 4942 
24 0 0 6 2373 4901 4950 
198 1 7 0 3079 4942 4952 
315 1 3 7 4815 4963 4973 
101 0 4 4 2406 4973 4983 
289 1 5 5 4438 4983 4993 
256 1 1 6 3975 4953 5001 
138 0 6 3 2389 4993 5003 
258 1 7 0 4006 5003 5013 
227 1 5 4 3499 5024 5034 
31 0 0 6 2404 5014 5051 
270 1 7 0 4172 5034 5067 
301 1 5 5 4627 5056 5070 
207 1 7 4 3203 5070 5087 
269 1 1 6 4162 5085 5102 
309 1 5 7 4755 5105 5116 
322 1 1 0 4927 5046 5117 
291 1 7 4 4456 5116 5137 
332 1 1 5 5110 5137 5147 
305 1 5 1 4695 5147 5157 
327 1 7 7 5024 5157 5167 
323 1 3 0 4964 5095 5167 
17 0 0 4 2344 5127 5187 
317 1 5 2 4859 5178 5188 
137 0 6 1 2384 5188 5207 
337 1 7 5 5162 5198 5208 
261 1 1 4 4054 5168 5237 
326 1 5 3 4984 5230 5240 
250 1 7 1 3878 5240 5257 
335 1 1 5 5156 5210 5259 
324 1 1 7 4970 5261 5271 
66 0 2 4 2400 5220 5287 
341 1 5 6 5219 5281 5291 
312 1 7 2 4777 5291 5301 
25 0 0 1 2377 5251 5307 
274 1 7 3 4228 5322 5333 
226 1 3 4 3482 5271 5337 
280 1 1 6 4309 5302 5341 
184 1 1 1 2881 5334 5357 
340 1 7 5 5217 5354 5364 
318 1 1 2 4869 5365 5375 
108 0 4 4 2435 5312 5387 
330 1 1 3 5050 5396 5406 
285 1 3 1 4368 5375 5407 
252 1 5 4 3914 5344 5438 
300 1 1 6 4597 5438 5448 
298 1 3 1 4568 5406 5457 
272 1 3 2 4205 5448 5458 
353 1 7 5 5420 5468 5478 
304 1 7 4 4654 5385 5488 
313 1 5 1 4805 5458 5507 
277 1 3 2 4278 5489 5508 
355 1 7 6 5466 5509 5519 
339 1 1 5 5212 5521 5531 
316 1 7 4 4828 5417 5538 
321 1 5 1 4917 5499 5557 
294 1 3 2 4500 5541 5558 
343 1 7 7 5278 5551 5561 
354 1 1 5 5433 5562 5581 
334 1 3 3 5121 5572 5582 
34 0 0 4 2416 5428 5588 
347 1 7 0 5347 5582 5592 
307 1 1 6 4709 5593 5603 
333 1 5 3 5113 5613 5632 
287 1 7 1 4412 5623 5634 
314 1 1 4 4806 5479 5638 
311 1 1 6 4766 5635 5653 
367 0 2 7 5602 5645 5655 
319 1 3 2 4890 5655 5665 
345 1 5 3 5286 5665 5682 
299 1 7 1 4582 5675 5685 
67 0 2 4 2404 5531 5688 
371 0 2 0 5617 5696 5706 
329 1 5 2 5042 5706 5716 
188 1 1 1 2926 5686 5735 
369 0 2 5 5610 5727 5737 
241 1 3 4 3738 5603 5738 
411 0 4 3 5706 5737 5748 
401 1 7 0 5604 5748 5758 
366 0 2 6 5599 5759 5769 
284 1 1 1 4366 5717 5785 
364 1 3 5 5572 5769 5788 
450 1 5 2 5722 5789 5799 
416 0 4 0 5723 5779 5808 
390 0 2 7 5693 5800 5810 
338 1 3 6 5194 5810 5820 
419 0 4 3 5735 5820 5830 
461 0 6 2 5793 5830 5849 
409 1 7 0 5701 5841 5858 
391 0 2 1 5696 5862 5874 
491 1 3 7 5768 5874 5884 
413 0 4 4 5712 5884 5894 
358 1 1 2 5491 5852 5899 
357 1 5 3 5480 5894 5904 
464 0 6 0 5804 5904 5915 
310 1 3 1 4758 5936 5946 
368 0 2 2 5606 5926 5949 
410 0 4 5 5702 5946 5956 
408 1 1 0 5681 5916 5965 
259 1 5 4 4026 5956 5966 
457 0 6 3 5777 5966 5976 
503 1 3 7 5922 5987 5997 
423 0 4 6 5753 5997 6007 
374 0 2 0 5631 5977 6015 
455 0 6 4 5770 6007 6017 
405 1 7 3 5648 6017 6027 
414 0 4 7 5715 6048 6059 
376 0 2 0 5639 6038 6065 
348 1 5 6 5358 6059 6069 
510 1 1 3 6019 6028 6077 
459 0 6 5 5785 6069 6079 
320 1 7 4 4901 6079 6089 
377 0 2 0 5642 6110 6120 
512 1 1 3 6070 6100 6127 
425 0 4 1 5759 6120 6130 
35 0 0 4 2421 6090 6139 
454 0 6 6 5764 6130 6140 
380 0 2 2 5655 6151 6161 
495 1 3 0 5817 6161 6171 
336 1 5 1 5161 6171 6182 
344 1 1 6 5285 6141 6190 
469 0 6 7 5825 6182 6192 
365 1 1 4 5588 6193 6203 
381 0 2 2 5659 6203 6213 
417 0 4 0 5727 6213 6223 
453 0 6 1 5761 6223 6233 
531 0 0 6 6202 6234 6244 
375 0 2 3 5635 6244 6254 
346 1 3 2 5293 6254 6264 
462 0 6 5 5796 6264 6274 
306 1 7 1 4708 6274 6284 
349 1 1 6 5363 6296 6306 
69 0 2 4 2414 6306 6316 
418 0 4 2 5731 6316 6326 
521 0 0 1 6160 6285 6334 
471 0 6 7 5832 6326 6336 
362 1 7 5 5535 6336 6346 
372 0 2 6 5622 6367 6377 
293 1 1 1 4499 6357 6385 
255 1 3 4 3971 6377 6387 
532 0 0 5 6207 6347 6396 
421 0 4 3 5745 6387 6397 
504 1 5 2 5945 6397 6407 
465 0 6 0 5808 6407 6417 
511 1 7 7 6060 6417 6428 
494 1 1 5 5796 6439 6449 
342 1 3 6 5242 6449 6459 
422 0 4 3 5748 6459 6469 
529 0 0 7 6195 6429 6478 
476 0 6 0 5853 6469 6479 
370 0 2 5 5613 6500 6510 
352 1 3 1 5416 6510 6520 
505 1 1 7 5947 6490 6528 
527 0 0 0 6187 6480 6529 
415 0 4 4 5718 6520 6530 
360 1 5 3 5521 6530 6540 
472 0 6 2 5837 6540 6550 
356 1 3 1 5468 6562 6572 
434 0 4 6 5797 6572 6582 
271 1 5 4 4199 6582 6592 
519 0 0 2 6154 6552 6601 
458 0 6 3 5781 6592 6602 
451 1 3 5 5724 6613 6623 
428 0 4 1 5772 6623 6633 
407 1 5 6 5673 6633 6643 
522 0 0 2 6164 6603 6651 
460 0 6 4 5788 6643 6653 
506 1 7 3 5948 6653 6664 
569 1 3 7 6416 6685 6695 
585 1 1 2 6656 6675 6701 
412 0 4 5 5709 6695 6705 
520 0 0 3 6157 6665 6714 
351 1 5 1 5408 6705 6715 
456 0 6 6 5774 6715 6725 
331 1 7 4 5102 6725 6735 
389 0 2 2 5690 6746 6756 
583 1 3 7 6633 6756 6766 
556 1 5 5 6200 6766 6777 
525 0 0 4 6178 6736 6785 
466 0 6 1 5812 6777 6787 
586 1 7 6 6657 6787 6797 
383 0 2 3 5665 6818 6828 
558 1 1 4 6254 6808 6835 
350 1 3 2 5371 6828 6838 
536 0 0 6 6225 6798 6847 
440 0 4 7 5818 6838 6848 
468 0 6 5 5820 6848 6858 
325 1 7 1 4977 6858 6868 
547 0 0 0 6270 6869 6879 
554 1 1 6 6192 6879 6897 
384 0 2 3 5668 6889 6900 
429 0 4 2 5776 6900 6910 
518 1 5 7 6144 6910 6920 
496 1 7 5 5829 6920 6930 
533 0 0 1 6211 6931 6941 
564 1 1 0 6322 6941 6951 
373 0 2 4 5627 6951 6961 
424 0 4 3 5756 6961 6971 
514 1 5 2 6080 6971 6981 
483 0 6 7 5883 6981 6991 
540 0 0 5 6242 6992 7002 
361 1 1 1 5532 7002 7013 
378 0 2 6 5646 7013 7023 
328 1 3 4 5042 7023 7033 
433 0 4 3 5793 7033 7043 
477 0 6 2 5857 7043 7053 
570 1 7 7 6446 7053 7063 
501 1 1 5 5899 7074 7084 
394 0 2 0 5708 7084 7094 
403 1 3 6 5622 7094 7104 
530 0 0 7 6199 7064 7113 
420 0 4 4 5739 7104 7114 
402 1 5 3 5621 7114 7124 
582 1 7 2 6615 7124 7134 
393 0 2 5 5703 7146 7156 
499 1 3 1 5865 7156 7166 
439 0 4 6 5815 7166 7176 
524 0 0 2 6172 7136 7184 
275 1 5 4 4258 7176 7186 
470 0 6 3 5829 7186 7196 
579 1 3 1 6586 7207 7217 
445 0 4 7 5837 7217 7227 
618 1 1 2 7157 7197 7235 
568 1 5 6 6392 7227 7237 
463 0 6 4 5800 7237 7247 
566 1 7 3 6373 7247 7257 
396 0 2 2 5717 7269 7285 
516 1 3 5 6120 7279 7289 
442 0 4 1 5827 7289 7299 
523 0 0 3 6169 7259 7308 
563 1 5 7 6318 7299 7309 
467 0 6 6 5816 7309 7319 
492 1 7 4 5771 7319 7329 
626 1 1 3 7271 7340 7358 
359 1 3 2 5509 7350 7360 
432 0 4 5 5789 7360 7370 
526 0 0 4 6183 7330 7379 
493 1 5 1 5776 7370 7380 
594 1 7 6 6784 7380 7391 
387 0 2 3 5680 7412 7422 
597 1 1 4 6826 7402 7429 
627 1 3 7 7280 7422 7432 
541 0 0 6 6246 7392 7441 
430 0 4 2 5780 7432 7442 
595 1 5 5 6793 7442 7452 
474 0 6 1 5845 7452 7462 
382 0 2 4 5662 7473 7483 
567 1 1 6 6380 7463 7491 
622 1 3 0 7216 7483 7494 
581 1 5 2 6607 7494 7504 
479 0 6 5 5866 7504 7514 
515 1 7 1 6117 7514 7524 
379 0 2 6 5651 7535 7545 
607 1 3 3 7001 7545 7555 
426 0 4 0 5764 7555 7565 
538 0 0 1 6234 7525 7574 
490 0 6 2 5912 7565 7575 
509 1 7 5 6017 7575 7585 
507 1 3 6 5997 7607 7617 
404 1 1 1 5630 7597 7624 
599 1 5 0 6862 7617 7627 
543 0 0 5 6254 7586 7635 
487 0 6 7 5898 7627 7637 
589 1 7 2 6718 7637 7647 
604 1 3 1 6941 7668 7678 
571 1 1 5 6449 7658 7685 
443 0 4 6 5830 7678 7688 
528 0 0 2 6192 7648 7697 
497 1 5 3 5829 7688 7698 
478 0 6 0 5861 7698 7708 
598 1 7 7 6858 7708 7719 
397 0 2 5 5722 7730 7740 
652 1 1 2 7634 7720 7747 
631 1 3 1 7329 7740 7750 
500 1 5 3 5879 7750 7760 
617 1 7 7 7133 7760 7770 
406 1 3 4 5666 7781 7791 
399 0 2 2 5730 7771 7797 
446 0 4 1 5841 7791 7801 
572 1 5 6 6461 7801 7811 
473 0 6 3 5840 7811 7822 
574 1 7 0 6515 7822 7832 
559 1 3 2 6263 7843 7853 
436 0 4 4 5804 7853 7863 
584 1 5 1 6650 7863 7876 
550 0 0 0 6284 7833 7882 
485 0 6 6 5891 7876 7886 
608 1 7 3 7003 7886 7896 
573 1 3 5 6473 7908 7918 
431 0 4 2 5784 7918 7928 
363 1 5 4 5568 7928 7938 
537 0 0 3 6229 7897 7946 
475 0 6 1 5849 7938 7948 
625 1 7 6 7267 7948 7958 
633 1 3 0 7381 7979 7989 
635 1 1 3 7391 7969 7997 
437 0 4 5 5807 7989 7999 
542 0 0 6 6249 7959 8008 
640 1 5 2 7440 7999 8010 
489 0 6 4 5909 8010 8020 
629 1 7 7 7311 8020 8030 
606 1 1 6 6967 8041 8058 
392 0 2 3 5699 8051 8061 
427 0 4 0 5769 8061 8071 
534 0 0 7 6216 8031 8080 
616 1 5 5 7128 8071 8081 
502 1 7 4 5905 8081 8091 
385 0 2 6 5673 8102 8113 
620 1 3 3 7175 8113 8123 
441 0 4 0 5822 8123 8133 
539 0 0 4 6238 8092 8141 
666 1 5 7 7830 8133 8143 
481 0 6 5 5873 8143 8153 
557 1 7 1 6225 8153 8163 
513 1 3 6 6075 8174 8184 
658 1 1 4 7730 8164 8191 
444 0 4 0 5833 8184 8194 
508 1 5 3 6001 8194 8204 
668 1 7 7 7859 8204 8214 
452 1 1 1 5728 8215 8225 
388 0 2 4 5685 8225 8241 
651 1 5 0 7622 8236 8246 
685 1 7 7 8104 8246 8264 
498 1 1 1 5837 8267 8277 
577 1 3 4 6542 8277 8292 
605 1 5 3 6967 8287 8297 
480 0 6 0 5870 8297 8307 
535 0 0 7 6220 8257 8314 
612 1 7 2 7056 8307 8317 
649 1 3 1 7593 8328 8338 
560 1 5 4 6278 8338 8348 
548 0 0 7 6274 8318 8365 
621 1 7 2 7194 8348 8367 
680 1 3 1 8023 8370 8388 
588 1 5 4 6696 8380 8398 
660 1 7 3 7748 8390 8400 
545 0 0 2 6263 8360 8417 
576 1 5 6 6539 8411 8421 
673 1 7 3 7922 8421 8450 
562 1 3 2 6316 8401 8467 
609 1 5 6 7034 8452 8471 
636 1 7 4 7392 8462 8472 
551 0 0 3 6288 8432 8500 
592 1 5 1 6749 8494 8504 
600 1 3 2 6865 8442 8517 
486 0 6 6 5895 8504 8521 
553 1 7 5 6171 8514 8524 
643 1 1 3 7503 8473 8550 
602 1 5 1 6907 8555 8565 
615 1 3 2 7112 8484 8567 
575 1 1 5 6525 8525 8574 
678 1 7 6 8002 8565 8575 
400 0 2 3 5735 8535 8600 
435 0 4 2 5800 8545 8617 
580 1 1 5 6597 8586 8624 
544 0 0 6 6259 8576 8625 
488 0 6 1 5903 8617 8627 
703 1 7 7 8377 8627 8637 
638 1 3 3 7436 8596 8650 
670 1 5 2 7885 8606 8667 
398 0 2 5 5727 8648 8674 
610 1 1 6 7047 8638 8675 
681 1 7 0 8052 8668 8678 
613 1 5 3 7084 8658 8700 
645 1 7 1 7546 8709 8720 
587 1 3 5 6687 8699 8724 
386 0 2 6 5677 8689 8725 
702 1 1 0 8362 8679 8728 
760 0 6 2 8715 8751 8761 
665 1 7 4 7809 8761 8771 
624 1 5 5 7231 8741 8774 
555 1 3 6 6193 8731 8776 
712 1 1 0 8511 8721 8778 
517 1 1 1 6133 8782 8792 
546 0 0 4 6266 8772 8821 
756 0 6 3 8700 8812 8822 
628 1 5 5 7309 8802 8824 
709 1 3 0 8491 8792 8828 
705 1 7 7 8417 8822 8832 
601 1 1 1 6892 8843 8854 
746 0 4 6 8792 8854 8864 
758 0 6 3 8709 8864 8874 
552 0 0 7 6291 8833 8882 
637 1 7 2 7433 8874 8884 
715 1 3 1 8560 8895 8905 
447 0 4 0 5846 8905 8915 
691 1 5 6 8197 8915 8925 
692 1 1 7 8211 8885 8932 
482 0 6 5 5878 8925 8935 
710 1 7 3 8493 8935 8945 
684 1 3 2 8098 8957 8967 
448 0 4 0 5851 8967 8977 
757 0 6 6 8704 8977 8987 
648 1 1 3 7565 8947 8996 
561 1 7 5 6298 8987 8997 
718 1 3 7 8627 9008 9018 
695 1 5 0 8267 9018 9028 
721 1 7 6 8665 9028 9038 
656 1 1 3 7687 8998 9046 
671 1 1 4 7909 9049 9060 
722 1 3 7 8686 9060 9070 
763 0 6 0 8727 9070 9080 
549 0 0 6 6280 9039 9088 
590 1 1 5 6724 9081 9091 
795 1 3 1 8840 9091 9101 
723 0 4 7 8697 9101 9120 
787 1 7 0 8737 9111 9130 
593 1 1 5 6765 9122 9141 
653 1 3 3 7637 9132 9142 
700 1 5 7 8346 9152 9170 
688 1 1 6 8160 9164 9174 
449 0 4 0 5856 9142 9180 
661 1 3 3 7756 9174 9192 
810 1 1 2 9095 9205 9215 
761 0 6 7 8719 9194 9220 
395 0 2 6 5713 9215 9225 
724 0 4 0 8702 9184 9230 
641 1 3 4 7483 9225 9235 
804 1 7 7 8986 9245 9270 
701 1 3 2 8351 9266 9276 
727 0 4 0 8714 9235 9280 
729 0 4 1 8722 9276 9287 
726 0 4 3 8709 9308 9318 
714 1 1 7 8552 9256 9320 
805 1 3 2 9003 9298 9327 
662 1 5 1 7772 9318 9337 
646 1 3 4 7547 9329 9339 
743 0 4 0 8781 9339 9349 
808 1 5 3 9048 9349 9368 
793 1 1 7 8828 9288 9370 
755 0 6 1 8697 9359 9387 
596 1 3 5 6815 9380 9390 
734 0 4 4 8742 9390 9400 
767 0 6 3 8743 9400 9418 
831 0 2 7 9360 9370 9420 
650 1 7 1 7610 9410 9437 
611 1 3 5 7052 9432 9442 
748 0 4 0 8800 9442 9452 
619 1 5 4 7172 9452 9462 
713 1 7 3 8549 9462 9472 
623 1 1 1 7228 9422 9487 
565 1 3 6 6360 9483 9493 
438 0 4 2 5810 9493 9503 
708 1 5 0 8466 9503 9513 
759 0 6 4 8712 9513 9523 
667 1 1 3 7854 9524 9534 
639 1 1 1 7437 9473 9537 
792 1 3 7 8797 9545 9555 
731 0 4 5 8729 9555 9565 
674 1 5 2 7937 9565 9575 
772 0 6 0 8764 9575 9585 
840 0 2 1 9395 9534 9587 
697 1 7 4 8277 9585 9595 
675 1 1 3 7950 9596 9606 
634 1 5 5 7386 9616 9626 
779 0 6 2 8791 9626 9636 
735 0 4 1 8747 9606 9637 
800 1 7 0 8928 9636 9646 
833 0 2 3 9368 9657 9667 
741 0 4 1 8774 9667 9687 
484 0 6 5 5886 9678 9688 
876 0 0 0 9518 9647 9696 
642 1 7 2 7487 9688 9698 
693 1 3 3 8229 9719 9729 
751 0 4 6 8814 9729 9739 
871 1 1 0 9461 9709 9746 
884 0 0 2 9550 9699 9748 
704 1 5 1 8408 9739 9749 
578 1 7 5 6572 9749 9759 
899 0 0 4 9616 9760 9770 
836 0 2 0 9380 9780 9796 
918 1 1 2 9589 9770 9798 
732 0 4 3 8732 9790 9800 
814 1 5 6 9152 9800 9811 
766 0 6 1 8740 9811 9821 
893 0 0 5 9592 9822 9832 
682 1 1 4 8063 9832 9842 
838 0 2 2 9389 9842 9852 
927 1 3 0 9731 9852 9862 
725 0 4 7 8705 9862 9872 
872 1 5 3 9473 9872 9882 
762 0 6 6 8724 9882 9892 
694 1 7 1 8230 9892 9902 
614 1 1 5 7107 9913 9923 
830 0 2 4 9354 9923 9933 
879 0 0 6 9530 9903 9942 
826 1 3 2 9318 9933 9944 
869 1 5 7 9429 9944 9954 
770 0 6 3 8756 9954 9964 
850 0 2 5 9435 9975 9985 
882 0 0 6 9541 9965 9992 
664 1 3 4 7798 9985 9995 
730 0 4 2 8726 9995 10005 
821 1 5 0 9256 10005 10015 
773 0 6 7 8769 10015 10025 
717 1 7 3 8616 10025 10035 
874 0 0 1 9510 10036 10046 
789 1 1 6 8751 10046 10056 
657 1 3 5 7701 10056 10067 
739 0 4 4 8764 10067 10077 
683 1 5 2 8063 10077 10087 
819 1 7 7 9208 10087 10097 
663 1 1 1 7773 10108 10118 
834 0 2 6 9373 10118 10128 
733 0 4 5 8737 10128 10138 
880 0 0 7 9533 10098 10147 
647 1 5 4 7560 10138 10148 
925 1 7 2 9709 10148 10158 
878 0 0 3 9526 10159 10169 
849 0 2 1 9431 10179 10189 
797 1 1 7 8888 10169 10197 
591 1 3 6 6744 10189 10200 
644 1 5 5 7514 10200 10210 
765 0 6 4 8735 10210 10220 
942 1 7 2 9974 10220 10230 
679 1 1 3 8012 10241 10251 
837 0 2 7 9384 10251 10261 
919 1 3 1 9600 10261 10271 
892 0 0 2 9589 10231 10280 
752 0 4 6 8817 10271 10281 
827 1 5 0 9329 10281 10291 
764 0 6 5 8731 10291 10301 
796 1 7 4 8870 10301 10311 
842 0 2 3 9404 10323 10333 
801 1 3 7 8937 10333 10343 
913 1 5 6 9538 10343 10353 
828 1 1 4 9343 10313 10362 
781 0 6 0 8798 10353 10363 
603 1 7 5 6926 10363 10373 
943 1 1 2 9983 10384 10394 
706 1 3 3 8418 10394 10404 
728 0 4 7 8719 10404 10414 
895 0 0 5 9600 10374 10423 
865 1 5 1 9380 10414 10424 
777 0 6 6 8784 10424 10434 
825 1 7 0 9309 10434 10445 
966 1 1 4 10324 10456 10466 
841 0 2 2 9399 10466 10476 
888 0 0 6 9570 10446 10485 
737 0 4 3 8756 10476 10486 
968 1 5 1 10355 10486 10496 
829 1 7 7 9350 10496 10506 
630 1 1 5 7326 10517 10527 
890 0 0 6 9579 10507 10535 
832 0 2 4 9363 10527 10537 
864 1 3 2 9372 10537 10547 
771 0 6 1 8761 10547 10557 
807 1 7 3 9039 10557 10568 
887 0 0 0 9565 10569 10579 
806 1 1 6 9028 10579 10589 
862 0 2 5 9487 10589 10599 
689 1 3 4 8166 10599 10609 
742 0 4 2 8777 10609 10619 
823 1 7 3 9261 10619 10629 
875 0 0 1 9513 10630 10640 
957 1 1 0 10188 10640 10650 
843 0 2 6 9408 10650 10660 
672 1 3 5 7911 10660 10670 
747 0 4 4 8796 10670 10680 
687 1 5 2 8143 10680 10690 
921 1 7 3 9641 10690 10701 
877 0 0 1 9522 10702 10712 
846 0 2 0 9420 10712 10722 
669 1 3 6 7861 10722 10732 
736 0 4 5 8751 10732 10742 
711 1 5 4 8508 10742 10752 
938 1 7 7 9909 10752 10762 
707 1 1 1 8437 10773 10783 
939 1 3 0 9917 10783 10793 
654 1 5 5 7680 10793 10803 
885 0 0 7 9555 10763 10812 
769 0 6 4 8753 10803 10814 
976 1 7 2 10472 10814 10824 
923 1 3 1 9667 10835 10845 
917 1 5 6 9588 10845 10855 
889 0 0 7 9574 10825 10862 
768 0 6 5 8749 10855 10865 
990 1 7 2 10678 10865 10875 
954 1 3 1 10147 10896 10907 
824 1 1 7 9268 10886 10912 
920 1 5 6 9631 10907 10917 
897 0 0 2 9609 10876 10925 
870 1 7 4 9458 10917 10927 
883 0 0 3 9547 10928 10938 
924 1 5 0 9680 10958 10968 
953 1 1 2 10108 10938 10975 
835 0 2 4 9376 10948 10977 
782 0 6 6 8802 10968 10978 
632 1 7 5 7351 10978 10988 
698 1 1 3 8283 10999 11009 
839 0 2 4 9392 11009 11027 
952 1 5 0 10107 11020 11030 
905 0 0 5 9640 10989 11038 
982 1 7 6 10555 11030 11040 
844 0 2 7 9413 11061 11071 
985 1 5 1 10600 11071 11081 
686 1 1 5 8114 11051 11088 
891 0 0 6 9584 11041 11090 
867 1 7 0 9410 11081 11091 
853 0 2 2 9447 11112 11122 
881 0 0 1 9538 11092 11131 
822 1 3 5 9259 11122 11138 
816 1 1 6 9175 11102 11140 
930 1 7 0 9786 11132 11142 
855 0 2 3 9457 11154 11164 
934 1 3 2 9840 11164 11174 
1021 1 7 1 11140 11174 11184 
896 0 0 0 9604 11144 11193 
847 0 2 4 9424 11205 11215 
788 1 3 3 8746 11215 11225 
894 0 0 1 9596 11185 11234 
749 0 4 2 8804 11225 11235 
995 1 1 0 10768 11195 11243 
845 0 2 6 9417 11246 11257 
868 1 3 4 9421 11257 11267 
744 0 4 3 8786 11267 11277 
898 0 0 1 9612 11236 11284 
786 1 5 2 8715 11277 11287 
852 0 2 0 9442 11298 11308 
931 1 3 5 9794 11308 11318 
750 0 4 4 8809 11318 11328 
926 1 1 1 9714 11288 11334 
994 1 7 2 10722 11328 11338 
676 1 3 6 7958 11349 11359 
738 0 4 5 8761 11359 11370 
716 1 5 4 8561 11370 11380 
900 0 0 2 9620 11339 11388 
965 1 7 3 10323 11380 11390 
873 1 3 7 9474 11401 11411 
659 1 5 5 7732 11411 11421 
774 0 6 4 8772 11421 11431 
903 0 0 2 9632 11391 11438 
978 1 7 3 10513 11431 11441 
967 1 3 1 10327 11452 11463 
745 0 4 7 8789 11463 11473 
937 1 5 6 9876 11473 11483 
984 1 1 2 10594 11442 11489 
776 0 6 5 8780 11483 11493 
1011 1 7 3 10994 11493 11503 
974 1 3 1 10440 11514 11524 
964 1 5 6 10280 11524 11534 
912 1 7 4 9514 11534 11544 
886 0 0 3 9560 11504 11553 
948 1 3 2 10052 11555 11565 
1012 1 5 7 10997 11565 11576 
783 0 6 6 8806 11576 11586 
655 1 7 5 7683 11586 11596 
719 1 1 3 8630 11545 11603 
1015 1 1 4 11042 11597 11607 
1018 1 3 2 11108 11617 11627 
960 1 5 0 10233 11627 11637 
986 1 7 6 10609 11637 11647 
858 0 2 3 9470 11607 11653 
802 1 1 5 8961 11658 11668 
753 0 4 2 8821 11678 11688 
906 0 0 6 9643 11648 11697 
989 1 5 0 10663 11688 11699 
798 1 3 3 8894 11668 11703 
1000 1 7 7 10832 11699 11709 
933 1 1 6 9815 11710 11747 
997 1 5 0 10785 11720 11749 
1003 1 7 7 10877 11730 11759 
1020 1 1 4 11117 11751 11761 
1022 1 5 1 11175 11771 11781 
854 0 2 6 9452 11761 11797 
955 1 7 0 10149 11781 11799 
866 1 1 5 9405 11793 11803 
901 0 0 7 9623 11741 11809 
848 0 2 4 9428 11803 11813 
799 1 5 2 8917 11823 11833 
696 1 3 6 8272 11813 11847 
1014 1 7 0 11039 11833 11849 
975 1 1 7 10458 11854 11864 
959 1 3 5 10219 11864 11874 
1059 1 5 3 11726 11874 11884 
904 0 0 2 9637 11885 11895 
902 0 0 0 9628 11844 11899 
851 0 2 7 9439 11905 11916 
945 1 3 4 9993 11916 11926 
977 1 5 6 10498 11926 11936 
909 0 0 2 9654 11937 11947 
1001 1 1 0 10847 11895 11949 
950 1 3 7 10093 11957 11967 
981 1 5 6 10552 11967 11986 
1005 1 1 2 10914 11978 11997 
861 0 2 0 9482 11947 11999 
1030 1 5 7 11276 11998 12017 
784 0 6 6 8811 12010 12036 
1040 1 3 2 11430 12021 12047 
1052 1 3 0 11609 11988 12049 
1041 1 5 7 11447 12031 12067 
983 1 3 5 10558 12063 12073 
1017 1 7 6 11089 12042 12086 
1026 1 5 0 11229 12073 12099 
1025 1 7 7 11202 12083 12117 
740 0 4 5 8769 12104 12123 
1055 1 5 1 11669 12114 12124 
907 0 0 6 9646 12053 12136 
811 1 5 2 9099 12155 12166 
1035 1 7 7 11370 12124 12167 
1048 1 7 1 11564 12166 12176 
941 1 1 6 9943 12094 12186 
1065 1 5 3 11804 12197 12207 
911 0 0 7 9663 12135 12217 
1054 1 7 1 11643 12207 12226 
859 0 2 6 9473 12145 12236 
785 1 1 3 8710 12228 12257 
1088 1 3 2 12142 12248 12258 
1066 1 1 7 11833 12177 12267 
794 1 5 4 8839 12258 12268 
908 0 0 1 9651 12218 12276 
677 1 5 5 7993 12290 12300 
