1 0 0 6 1887 1887 1899 
2 0 0 3 1890 1899 1909 
3 0 0 1 1895 1909 1919 
6 0 0 4 1906 1940 1950 
4 0 0 3 1899 1919 1959 
8 0 0 1 1913 1960 1970 
10 0 0 2 1923 1980 1990 
7 0 0 4 1909 1950 2000 
5 0 0 3 1903 1929 2010 
13 0 0 6 1935 2010 2020 
14 0 0 7 1939 2020 2030 
11 0 0 2 1928 1990 2040 
15 0 0 1 1943 2030 2040 
16 0 0 0 1946 2040 2050 
9 0 0 3 1918 1970 2060 
17 0 0 4 1949 2050 2060 
12 0 0 2 1931 2000 2090 
19 0 0 1 1959 2070 2090 
20 0 0 3 1964 2080 2110 
18 0 0 4 1954 2060 2110 
23 0 0 0 1978 2111 2121 
26 0 0 1 1990 2141 2151 
21 0 0 3 1969 2091 2160 
25 0 0 4 1987 2131 2160 
27 0 0 5 1995 2151 2161 
24 0 0 0 1982 2121 2171 
29 0 0 7 2001 2171 2181 
22 0 0 3 1974 2101 2210 
31 0 0 4 2010 2192 2211 
30 0 0 0 2005 2181 2221 
33 0 0 2 2018 2212 2222 
35 0 0 7 2025 2232 2242 
28 0 0 3 1998 2161 2260 
32 0 0 4 2013 2202 2261 
36 0 0 2 2030 2242 2272 
74 0 4 6 1893 2262 2272 
75 0 4 5 1898 2272 2282 
73 0 4 3 1888 2252 2310 
34 0 0 4 2022 2222 2311 
78 0 4 1 1910 2303 2313 
79 0 4 6 1913 2313 2323 
76 0 4 5 1901 2282 2333 
81 0 4 7 1919 2333 2343 
82 0 4 4 1922 2343 2361 
80 0 4 6 1916 2323 2373 
84 0 4 3 1928 2363 2373 
77 0 4 5 1906 2293 2383 
85 0 4 1 1932 2373 2383 
86 0 4 0 1937 2383 2393 
83 0 4 4 1925 2353 2411 
88 0 4 3 1945 2403 2423 
89 0 4 6 1950 2413 2423 
87 0 4 1 1940 2393 2433 
90 0 4 4 1953 2423 2461 
93 0 4 7 1965 2454 2464 
91 0 4 3 1956 2433 2473 
94 0 4 0 1968 2464 2474 
92 0 4 1 1961 2444 2483 
95 0 4 2 1973 2474 2484 
96 0 4 7 1977 2484 2514 
97 0 4 3 1980 2494 2523 
98 0 4 0 1984 2504 2524 
99 0 4 6 1987 2514 2524 
100 0 4 5 1992 2524 2534 
101 0 4 4 1997 2534 2544 
102 0 4 5 2002 2544 2584 
105 0 4 3 2013 2575 2585 
103 0 4 4 2006 2554 2595 
147 1 1 6 2010 2605 2615 
37 1 1 3 1887 2585 2635 
155 1 1 0 2107 2625 2635 
104 0 4 4 2009 2565 2645 
164 1 1 1 2239 2645 2655 
151 1 1 3 2062 2615 2685 
172 1 1 0 2359 2665 2685 
176 1 1 2 2409 2675 2685 
142 1 1 4 1934 2595 2695 
184 1 1 1 2537 2695 2705 
192 1 1 6 2653 2715 2725 
160 1 1 3 2176 2635 2735 
196 1 1 2 2716 2725 2736 
169 1 1 4 2318 2655 2745 
188 1 1 1 2582 2705 2755 
180 1 1 3 2484 2685 2785 
146 1 5 2 1987 2756 2786 
150 1 5 5 2038 2776 2786 
200 1 1 4 2759 2766 2795 
143 1 5 1 1936 2746 2806 
106 1 5 3 1888 2736 2835 
204 1 1 2 2808 2816 2836 
167 1 5 0 2287 2826 2836 
163 1 5 4 2221 2806 2845 
158 1 5 1 2162 2796 2856 
154 1 5 3 2091 2786 2885 
182 1 5 2 2491 2866 2886 
175 1 5 0 2394 2846 2886 
171 1 5 4 2334 2836 2895 
191 1 5 1 2621 2896 2906 
194 1 5 2 2666 2906 2936 
197 1 5 0 2718 2917 2936 
178 1 5 4 2437 2856 2945 
205 1 5 7 2824 2937 2947 
201 1 5 1 2762 2927 2957 
212 1 1 5 2951 2957 2967 
38 0 2 2 1887 2967 2986 
214 1 5 0 2972 2977 2987 
208 1 1 4 2875 2876 2995 
210 1 5 7 2899 2947 2997 
216 1 1 5 2993 2997 3017 
40 0 2 3 1894 3007 3017 
41 0 2 1 1898 3017 3027 
186 1 5 4 2547 2886 3045 
39 0 2 7 1891 2987 3047 
42 0 2 0 1902 3038 3048 
43 0 2 3 1906 3058 3068 
217 1 5 4 3017 3027 3095 
46 0 2 6 1917 3098 3108 
225 1 1 7 3121 3128 3138 
219 1 1 4 3045 3048 3145 
49 0 2 6 1928 3138 3158 
50 0 2 5 1933 3148 3158 
52 0 2 7 1941 3179 3189 
44 0 2 4 1911 3068 3195 
53 0 2 2 1945 3189 3199 
55 0 2 1 1956 3219 3229 
228 1 1 7 3194 3199 3239 
231 1 5 3 3222 3229 3239 
45 0 2 4 1914 3078 3246 
56 0 2 2 1961 3239 3249 
58 0 2 5 1969 3259 3269 
233 1 1 0 3260 3269 3279 
57 0 2 3 1965 3249 3289 
234 1 5 1 3270 3279 3289 
222 1 5 4 3079 3088 3296 
59 0 2 5 1973 3289 3319 
60 0 2 0 1977 3300 3329 
237 1 1 1 3313 3320 3340 
47 0 2 4 1920 3108 3346 
238 1 5 6 3336 3340 3350 
61 0 2 5 1980 3310 3369 
64 0 2 2 1991 3360 3370 
65 0 2 3 1995 3370 3380 
48 0 2 4 1925 3118 3396 
62 0 2 5 1985 3330 3420 
66 0 2 2 1999 3380 3420 
69 0 2 0 2013 3431 3441 
227 1 5 4 3151 3158 3446 
67 0 2 5 2004 3390 3470 
68 0 2 2 2008 3420 3470 
51 0 2 4 1936 3169 3496 
108 0 6 6 1891 3491 3501 
243 1 5 5 3410 3410 3520 
246 1 5 2 3472 3481 3520 
248 1 1 0 3518 3521 3531 
249 1 5 7 3521 3531 3541 
54 0 2 4 1950 3209 3546 
109 0 6 6 1896 3501 3551 
70 0 2 5 2016 3441 3570 
113 0 6 0 1912 3561 3581 
63 0 2 4 1988 3350 3596 
111 0 6 6 1902 3541 3601 
114 0 6 2 1917 3592 3602 
115 0 6 3 1922 3602 3612 
71 0 2 5 2021 3451 3620 
241 1 1 4 3391 3400 3646 
112 0 6 6 1907 3551 3651 
116 0 6 3 1927 3612 3662 
245 1 1 5 3460 3461 3670 
119 0 6 1 1940 3662 3672 
120 0 6 2 1945 3672 3682 
107 0 6 4 1888 3471 3696 
260 1 1 6 3680 3682 3701 
117 0 6 3 1932 3622 3712 
121 0 6 7 1950 3703 3713 
110 0 6 5 1899 3511 3720 
262 1 1 2 3729 3733 3743 
252 1 5 4 3566 3571 3746 
122 0 6 6 1955 3713 3751 
264 1 5 7 3741 3743 3763 
253 1 1 5 3577 3582 3770 
125 0 6 3 1967 3763 3773 
126 0 6 2 1971 3773 3793 
255 1 1 4 3625 3632 3797 
128 0 6 6 1980 3793 3803 
267 1 1 1 3799 3803 3814 
257 1 5 5 3631 3642 3820 
268 1 5 0 3806 3814 3824 
127 0 6 2 1975 3783 3843 
259 1 5 4 3677 3693 3847 
131 0 6 6 1992 3844 3854 
129 0 6 1 1984 3824 3864 
118 0 6 5 1935 3652 3870 
272 1 1 2 3858 3864 3893 
123 0 6 4 1958 3723 3897 
132 0 6 6 1998 3874 3904 
135 0 6 2 2010 3904 3943 
124 0 6 4 1963 3753 3947 
134 0 6 6 2005 3894 3954 
137 0 6 3 2020 3945 3955 
279 1 5 0 3954 3955 3965 
138 0 6 5 2024 3965 3975 
277 1 1 2 3931 3935 3993 
281 1 1 1 3980 3985 3995 
130 0 6 4 1987 3834 3997 
140 0 6 0 2031 3995 4015 
72 1 3 5 1888 4015 4025 
283 1 5 1 3998 4005 4045 
145 1 3 2 1955 4035 4045 
271 1 5 4 3850 3854 4047 
288 1 1 7 4074 4076 4086 
284 1 1 1 4021 4025 4095 
157 1 3 6 2131 4086 4096 
133 0 6 4 2001 3884 4097 
289 1 5 5 4090 4096 4106 
162 1 3 3 2220 4116 4126 
286 1 5 1 4046 4055 4145 
168 1 3 6 2294 4126 4146 
275 1 5 4 3909 3914 4147 
177 1 3 2 2416 4146 4156 
159 1 3 1 2175 4106 4195 
187 1 3 3 2552 4187 4197 
136 0 6 4 2015 3925 4197 
294 1 1 2 4154 4156 4206 
189 1 3 5 2606 4197 4207 
195 1 3 0 2681 4207 4217 
297 1 5 6 4214 4217 4227 
173 1 3 1 2362 4136 4245 
139 0 6 4 2028 3975 4247 
292 1 5 2 4151 4166 4257 
203 1 3 5 2806 4247 4257 
198 1 3 0 2733 4237 4267 
213 1 3 6 2968 4277 4287 
298 1 1 1 4222 4227 4296 
149 1 3 4 2025 4045 4297 
301 1 5 5 4279 4287 4307 
302 1 1 7 4288 4297 4307 
221 1 3 2 3079 4317 4327 
218 1 3 6 3024 4307 4337 
224 1 3 3 3120 4327 4337 
209 1 3 1 2899 4267 4346 
153 1 3 4 2086 4066 4348 
229 1 3 7 3201 4337 4357 
235 1 3 5 3277 4358 4368 
308 1 1 3 4367 4368 4388 
305 1 5 1 4347 4348 4396 
181 1 3 4 2485 4176 4398 
242 1 3 7 3405 4388 4407 
239 1 3 5 3347 4378 4418 
251 1 3 6 3556 4428 4438 
310 1 1 1 4413 4418 4446 
207 1 3 4 2857 4257 4448 
309 1 5 7 4407 4408 4457 
247 1 3 5 3485 4398 4468 
256 1 3 6 3630 4438 4488 
313 1 5 1 4457 4458 4496 
261 1 3 4 3709 4448 4498 
266 1 3 7 3776 4469 4508 
273 1 3 5 3867 4499 4518 
276 1 3 3 3922 4509 4519 
317 1 5 2 4511 4519 4529 
269 1 3 6 3817 4489 4538 
285 1 3 1 4021 4539 4549 
315 1 1 7 4470 4479 4558 
319 1 1 2 4545 4549 4579 
280 1 3 6 3964 4529 4589 
321 1 5 1 4568 4569 4599 
296 1 3 5 4210 4590 4600 
290 1 3 7 4094 4559 4608 
303 1 3 2 4306 4610 4629 
323 1 1 0 4619 4620 4630 
300 1 3 6 4252 4600 4639 
293 1 3 1 4154 4580 4650 
326 1 5 3 4635 4640 4650 
314 1 3 4 4460 4660 4670 
318 1 3 2 4523 4670 4680 
307 1 3 6 4363 4630 4689 
322 1 3 0 4581 4680 4690 
324 1 3 7 4624 4690 4701 
328 1 5 4 4694 4711 4721 
329 1 1 2 4696 4701 4731 
330 1 3 3 4704 4721 4731 
311 1 3 6 4420 4650 4739 
144 1 7 5 1941 4741 4751 
141 1 7 4 1888 4731 4771 
152 1 7 7 2071 4761 4771 
148 1 7 6 2019 4751 4789 
334 1 5 3 4773 4781 4791 
332 1 1 5 4763 4771 4801 
336 1 3 1 4812 4821 4831 
156 1 7 6 2129 4801 4839 
333 1 3 3 4764 4791 4841 
335 1 1 5 4809 4811 4851 
165 1 7 7 2243 4842 4852 
166 1 7 0 2285 4862 4872 
161 1 7 1 2184 4831 4882 
338 1 5 6 4846 4852 4889 
339 1 1 5 4865 4872 4901 
179 1 7 1 2461 4922 4932 
341 1 3 6 4871 4882 4939 
183 1 7 3 2503 4932 4942 
346 1 5 2 4945 4952 4962 
170 1 7 6 2329 4892 4989 
345 1 1 3 4938 4942 4992 
190 1 7 0 2610 4983 4993 
185 1 7 2 2545 4972 5012 
342 1 5 6 4894 4902 5039 
193 1 7 0 2660 4993 5043 
202 1 7 7 2800 5043 5053 
350 1 5 2 5023 5033 5062 
351 1 1 1 5061 5063 5073 
174 1 7 6 2385 4912 5089 
206 1 7 0 2855 5053 5093 
355 0 4 4 5076 5093 5103 
354 0 4 2 5072 5083 5113 
356 0 4 7 5081 5103 5113 
358 0 4 5 5090 5123 5133 
344 1 3 6 4937 4962 5140 
353 0 4 0 5069 5073 5143 
360 0 4 1 5097 5143 5154 
361 0 4 3 5100 5154 5164 
362 0 4 2 5105 5164 5174 
359 0 4 5 5093 5133 5184 
363 0 4 7 5109 5174 5184 
199 1 7 6 2734 5003 5190 
357 0 4 0 5085 5113 5193 
366 0 4 2 5120 5204 5224 
367 0 4 5 5124 5214 5234 
364 0 4 7 5112 5184 5234 
348 1 1 6 5011 5013 5240 
365 0 4 0 5116 5194 5243 
371 0 4 4 5141 5254 5264 
372 0 4 1 5145 5264 5274 
349 1 3 6 5015 5023 5290 
368 0 4 0 5128 5224 5293 
374 0 4 3 5154 5285 5295 
369 0 4 6 5133 5234 5340 
373 0 4 0 5150 5274 5343 
377 0 4 3 5167 5315 5345 
379 0 4 2 5174 5335 5345 
381 0 4 4 5181 5355 5365 
370 0 4 6 5136 5244 5390 
375 0 4 0 5157 5295 5393 
382 0 4 3 5184 5365 5395 
380 0 4 2 5178 5345 5395 
389 1 1 4 5185 5385 5415 
436 1 1 7 5354 5415 5425 
376 0 4 6 5161 5305 5440 
432 1 1 0 5284 5405 5443 
387 1 1 3 5133 5375 5445 
352 1 5 1 5068 5435 5445 
386 1 5 5 5120 5445 5455 
378 0 4 6 5170 5325 5490 
439 1 1 0 5401 5425 5493 
442 1 1 3 5450 5455 5495 
394 1 5 1 5256 5476 5495 
434 1 5 2 5322 5486 5496 
446 1 1 5 5505 5506 5516 
445 1 5 4 5473 5526 5536 
393 1 1 6 5243 5395 5540 
391 1 5 0 5194 5466 5543 
437 1 5 1 5373 5496 5546 
441 1 5 2 5420 5516 5546 
397 0 6 7 5275 5536 5546 
450 1 1 5 5553 5556 5566 
399 0 6 3 5282 5576 5586 
398 0 6 1 5278 5566 5596 
448 1 5 2 5538 5546 5596 
453 1 5 4 5593 5597 5607 
401 0 6 7 5291 5617 5627 
402 0 6 5 5295 5627 5637 
400 0 6 2 5286 5586 5646 
454 1 1 4 5605 5607 5657 
404 0 6 6 5303 5647 5657 
403 0 6 7 5300 5637 5677 
457 1 5 0 5659 5667 5677 
456 1 1 5 5654 5657 5687 
406 0 6 4 5310 5687 5707 
459 1 5 1 5702 5707 5717 
405 0 6 0 5307 5677 5727 
408 0 6 3 5316 5717 5727 
461 1 1 6 5719 5727 5738 
410 0 6 7 5322 5748 5758 
407 0 6 0 5313 5697 5777 
409 0 6 3 5319 5738 5778 
466 0 0 6 5773 5778 5788 
463 1 5 7 5761 5768 5808 
411 0 6 0 5325 5758 5827 
467 0 0 3 5776 5788 5828 
470 0 0 2 5787 5818 5828 
468 0 0 6 5780 5798 5838 
472 0 0 1 5795 5838 5848 
469 0 0 0 5783 5808 5877 
471 0 0 3 5790 5828 5878 
475 0 0 2 5806 5868 5878 
476 0 0 4 5810 5878 5889 
473 0 0 1 5799 5848 5898 
477 0 0 6 5815 5889 5899 
478 0 0 5 5819 5899 5909 
474 0 0 0 5803 5858 5928 
481 0 0 2 5833 5929 5939 
479 0 0 6 5823 5909 5949 
482 0 0 4 5838 5939 5949 
480 0 0 5 5828 5919 5959 
483 0 0 2 5843 5949 5989 
486 0 0 7 5857 5979 5989 
484 0 0 6 5848 5959 5999 
485 0 0 5 5852 5969 6009 
488 0 0 1 5867 5999 6009 
489 0 0 4 5872 6009 6019 
491 0 0 0 5880 6030 6040 
487 0 0 6 5862 5989 6049 
492 0 0 1 5883 6040 6059 
493 0 0 2 5888 6050 6060 
490 0 0 4 5877 6019 6070 
495 0 0 7 5896 6070 6080 
533 1 1 6 5840 6090 6100 
494 0 0 1 5893 6060 6110 
539 1 1 5 5940 6110 6120 
543 1 1 4 6012 6120 6130 
552 1 1 3 6135 6140 6150 
496 1 1 1 5775 6080 6160 
531 1 5 0 5806 6150 6160 
548 1 1 5 6087 6130 6170 
537 1 1 1 5898 6100 6210 
544 1 5 0 6015 6181 6210 
535 1 5 5 5867 6160 6220 
551 1 5 4 6132 6211 6221 
540 1 5 1 5940 6170 6260 
498 0 2 7 5780 6251 6261 
556 1 1 5 6183 6191 6270 
562 1 5 2 6266 6271 6281 
555 1 5 1 6173 6221 6310 
500 0 2 7 5788 6291 6311 
547 1 5 5 6073 6201 6320 
565 1 5 6 6311 6311 6321 
502 0 2 0 5797 6321 6331 
566 1 1 3 6327 6331 6341 
499 0 2 1 5785 6281 6360 
504 0 2 2 5807 6352 6362 
559 1 5 5 6222 6231 6371 
505 0 2 6 5811 6362 6372 
503 0 2 0 5802 6341 6381 
506 0 2 3 5814 6382 6392 
501 0 2 1 5792 6301 6410 
570 1 1 7 6401 6402 6412 
497 0 2 5 5776 6241 6421 
568 1 5 6 6367 6372 6422 
508 0 2 4 5823 6412 6422 
507 0 2 0 5818 6392 6432 
510 0 2 1 5831 6432 6460 
509 0 2 7 5827 6422 6462 
511 0 2 2 5834 6452 6462 
561 1 1 5 6252 6261 6471 
574 1 1 0 6470 6473 6483 
514 0 2 3 5845 6493 6503 
513 0 2 7 5842 6483 6512 
573 1 5 5 6436 6442 6521 
577 1 5 4 6505 6513 6523 
515 0 2 3 5848 6503 6553 
579 1 5 1 6549 6553 6563 
512 0 2 5 5838 6462 6571 
518 0 2 2 5863 6563 6573 
516 0 2 3 5853 6523 6603 
520 0 2 7 5870 6593 6603 
519 0 2 1 5866 6583 6613 
578 1 1 5 6527 6533 6621 
581 1 1 2 6570 6573 6623 
521 0 2 6 5875 6623 6633 
522 0 2 0 5878 6633 6644 
517 0 2 3 5857 6543 6653 
583 1 5 7 6595 6603 6653 
523 0 2 4 5883 6644 6654 
587 1 5 5 6649 6654 6671 
585 1 1 2 6613 6613 6673 
525 0 2 1 5891 6674 6684 
524 0 2 4 5888 6664 6704 
526 0 2 6 5895 6694 6704 
527 0 2 5 5900 6704 6721 
589 1 1 2 6681 6684 6723 
591 1 5 6 6706 6714 6754 
530 0 2 1 5913 6744 6754 
529 0 2 5 5909 6734 6771 
412 0 6 3 5329 6764 6774 
413 0 6 2 5332 6774 6784 
528 0 2 6 5904 6724 6804 
596 1 5 5 6777 6784 6821 
599 1 7 0 6824 0 0 
416 0 6 3 5346 6815 6825 
598 1 1 7 6820 6825 6835 
600 1 5 2 6827 6835 6845 
594 1 1 6 6746 6754 6854 
602 1 7 1 6869 0 0 
414 0 6 5 5338 6795 6871 
419 0 6 3 5359 6865 6875 
417 0 6 7 5351 6845 6885 
418 0 6 2 5355 6855 6895 
421 0 6 6 5367 6885 6904 
604 1 5 1 6903 6905 6915 
415 0 6 5 5343 6805 6921 
420 0 6 3 5362 6875 6925 
606 1 7 6 6929 0 0 
425 0 6 1 5383 6945 6965 
426 0 6 7 5388 6955 6965 
603 1 1 5 6888 6895 6972 
422 0 6 3 5370 6915 6975 
428 0 6 2 5396 6996 7006 
610 1 7 6 7008 0 0 
427 0 6 1 5392 6986 7015 
429 0 6 7 5400 7006 7016 
423 0 6 5 5373 6925 7022 
424 0 6 3 5377 6935 7025 
612 1 1 2 7018 7026 7056 
431 0 6 7 5407 7046 7066 
614 1 7 5 7068 0 0 
611 1 5 5 7015 7016 7072 
608 1 1 3 6965 6965 7075 
388 1 3 0 5156 7066 7076 
384 1 3 2 5085 7056 7106 
392 1 3 7 5212 7086 7116 
618 1 7 2 7118 0 0 
430 0 6 5 5403 7036 7122 
607 1 5 3 6963 6976 7125 
396 1 3 0 5274 7106 7126 
615 1 5 2 7075 7076 7156 
617 1 1 7 7095 7096 7166 
444 1 3 5 5472 7137 7172 
440 1 3 3 5412 7127 7175 
623 1 7 1 7189 0 0 
622 1 5 0 7179 7187 7197 
435 1 3 2 5340 7116 7206 
449 1 3 5 5549 7167 7222 
620 1 5 3 7138 7147 7226 
626 1 7 3 7232 0 0 
462 1 3 0 5724 7207 7247 
625 1 1 6 7229 7237 7247 
621 1 1 2 7156 7157 7256 
627 1 5 7 7243 7247 7257 
464 1 3 5 5772 7217 7272 
630 1 7 5 7287 0 0 
452 1 3 2 5590 7177 7306 
536 1 3 7 5881 7257 7307 
631 1 5 1 7292 7298 7308 
550 1 3 3 6095 7308 7318 
532 1 3 5 5826 7227 7322 
635 1 7 3 7353 0 0 
458 1 3 2 5664 7197 7356 
629 1 1 7 7274 7277 7357 
633 1 5 0 7343 7348 7358 
636 1 1 4 7355 7358 7368 
541 1 3 5 5949 7267 7372 
567 1 3 6 6346 7378 7388 
639 1 7 1 7399 0 0 
553 1 3 2 6136 7328 7406 
545 1 3 7 6028 7288 7408 
638 1 5 3 7398 7408 7418 
632 1 1 5 7314 7318 7422 
586 1 3 6 6622 7439 7449 
637 1 1 2 7396 7398 7456 
557 1 3 7 6199 7338 7458 
641 1 5 4 7445 7449 7459 
643 1 7 3 7465 0 0 
571 1 3 5 6415 7388 7472 
642 1 1 2 7450 7459 7507 
563 1 3 7 6272 7368 7508 
597 1 3 4 6786 7489 7509 
601 1 3 1 6852 7499 7509 
575 1 3 5 6491 7418 7522 
648 1 7 3 7527 0 0 
605 1 3 3 6927 7529 7539 
609 1 3 6 6994 7539 7549 
646 1 5 4 7509 7519 7559 
645 1 1 1 7509 7509 7559 
580 1 3 5 6563 7428 7573 
613 1 3 3 7044 7549 7589 
652 1 7 2 7596 0 0 
619 1 3 4 7132 7590 7609 
649 1 5 1 7555 7559 7609 
590 1 3 5 6684 7469 7623 
653 1 5 3 7599 7600 7639 
656 1 7 3 7649 0 0 
640 1 3 2 7399 7640 7650 
650 1 1 1 7572 7579 7659 
593 1 3 5 6725 7479 7673 
647 1 3 4 7519 7680 7690 
659 1 7 5 7692 0 0 
651 1 3 0 7582 7690 7700 
660 1 1 3 7710 7710 7720 
616 1 3 5 7088 7569 7723 
662 1 7 1 7732 0 0 
658 1 3 4 7692 7730 7740 
663 1 3 1 7735 7740 7750 
661 1 5 3 7718 7720 7770 
624 1 3 5 7191 7610 7773 
215 1 7 7 2976 7771 7781 
664 1 5 4 7760 7761 7791 
223 1 7 2 3093 7801 7811 
211 1 7 3 2902 7750 7820 
628 1 3 5 7269 7620 7823 
665 1 1 4 7771 7781 7841 
668 1 1 7 7821 7831 7841 
669 1 5 6 7823 7841 7851 
667 1 3 3 7815 7821 7871 
634 1 3 5 7346 7630 7873 
220 1 7 4 3052 7791 7891 
230 1 7 7 3207 7851 7891 
673 1 1 3 7884 7891 7921 
655 1 1 5 7645 7650 7923 
676 1 5 6 7921 7922 7932 
226 1 7 4 3133 7811 7941 
232 1 7 7 3258 7861 7941 
244 1 7 2 3457 7942 7952 
250 1 7 1 3530 7952 7962 
675 1 3 3 7911 7912 7971 
644 1 3 5 7473 7660 7973 
678 0 4 6 7960 7962 7982 
671 1 3 4 7870 7871 7991 
236 1 7 7 3307 7901 7991 
680 0 4 1 7968 7982 8012 
681 0 4 3 7972 7992 8021 
657 1 5 5 7663 7670 8023 
684 0 4 2 7987 8023 8033 
683 0 4 4 7983 8012 8041 
240 1 7 7 3387 7932 8041 
686 0 4 0 7994 8043 8053 
682 0 4 1 7978 8002 8062 
688 0 4 3 8000 8063 8073 
654 1 3 5 7640 7700 8073 
679 0 4 7 7965 7972 8091 
687 0 4 0 7997 8053 8103 
691 0 4 6 8013 8093 8103 
689 0 4 3 8005 8073 8123 
672 1 5 5 7874 7881 8123 
693 0 4 0 8022 8113 8153 
694 0 4 6 8026 8123 8153 
696 0 4 4 8035 8143 8153 
692 0 4 3 8017 8103 8173 
685 0 4 5 7990 8033 8173 
698 0 4 6 8044 8163 8203 
697 0 4 4 8039 8153 8203 
701 0 4 2 8056 8194 8204 
690 0 4 5 8008 8083 8223 
703 0 4 0 8064 8214 8224 
704 0 4 1 8070 8224 8234 
705 0 4 3 8075 8234 8244 
699 0 4 6 8048 8173 8253 
702 0 4 4 8059 8204 8254 
695 0 4 5 8031 8133 8273 
706 0 4 0 8078 8244 8274 
708 1 1 2 7964 8264 8274 
707 0 4 3 8083 8254 8294 
716 1 1 6 8083 8284 8303 
712 1 1 4 8040 8274 8304 
700 0 4 5 8053 8184 8323 
714 1 5 1 8061 8334 8344 
720 1 1 6 8142 8294 8353 
723 1 1 4 8214 8304 8354 
717 1 5 7 8111 8344 8354 
725 1 5 3 8230 8375 8385 
727 1 1 6 8280 8314 8403 
710 1 5 4 7986 8324 8404 
721 1 5 7 8170 8354 8405 
735 1 5 2 8393 8405 8415 
729 1 5 3 8308 8385 8435 
732 1 1 4 8356 8365 8454 
736 1 1 7 8431 8435 8455 
739 1 5 6 8463 8466 8476 
731 1 5 3 8352 8395 8485 
726 1 3 0 8252 8476 8486 
740 1 1 2 8494 8496 8506 
741 1 7 0 8512 0 0 
742 1 5 5 8512 8516 8526 
709 1 3 3 7973 8415 8535 
733 1 3 0 8362 8506 8536 
738 1 3 1 8436 8526 8536 
254 1 7 2 3587 8546 8556 
743 1 3 5 8513 8536 8576 
713 1 3 3 8048 8425 8585 
258 1 7 0 3659 8556 8586 
745 1 5 4 8560 8576 8586 
263 1 7 2 3729 8596 8606 
747 1 3 5 8566 8586 8626 
718 1 3 3 8114 8445 8635 
746 1 1 0 8562 8566 8636 
748 1 1 1 8621 8627 8637 
278 1 7 2 3938 8667 8677 
722 1 3 3 8194 8455 8685 
270 1 7 0 3824 8617 8686 
282 1 7 5 3991 8677 8687 
754 1 5 6 8685 8697 8707 
287 1 7 1 4064 8717 8727 
730 1 3 3 8309 8486 8735 
753 1 1 5 8680 8687 8737 
291 1 7 4 4108 8727 8737 
299 1 7 1 4234 8757 8777 
265 1 7 3 3769 8606 8785 
755 1 3 5 8687 8707 8787 
304 1 7 4 4306 8788 8798 
762 1 1 0 8800 8808 8818 
306 1 7 1 4361 8798 8827 
751 1 5 3 8634 8637 8836 
295 1 7 5 4156 8747 8837 
312 1 7 2 4430 8828 8838 
761 1 3 4 8799 8818 8848 
764 1 3 7 8839 8848 8858 
750 1 3 3 8633 8647 8886 
759 1 5 5 8762 8777 8887 
766 1 1 1 8869 8878 8888 
316 1 7 4 4480 8858 8898 
768 1 5 2 8893 8898 8908 
327 1 7 7 4676 8918 8929 
274 1 7 3 3880 8657 8936 
763 1 5 5 8838 8838 8937 
325 1 7 1 4629 8888 8938 
320 1 7 4 4553 8868 8948 
757 1 3 3 8728 8737 8986 
767 1 3 5 8892 8908 8987 
773 0 6 1 8951 8959 8989 
774 0 6 0 8955 8979 8989 
331 1 7 4 4754 8929 8998 
776 0 6 2 8962 8999 9009 
809 1 1 6 9008 9009 9019 
758 1 1 3 8759 8767 9036 
770 1 1 5 8933 8939 9037 
807 1 5 4 8967 8969 9048 
778 0 6 0 8969 9039 9049 
810 1 5 6 9024 9029 9069 
772 0 6 3 8948 8949 9086 
812 1 1 5 9048 9049 9088 
781 0 6 2 8983 9080 9090 
775 0 6 4 8959 8989 9098 
779 0 6 6 8974 9059 9119 
777 0 6 3 8965 9019 9136 
782 0 6 5 8986 9090 9138 
780 0 6 4 8978 9070 9148 
785 0 6 7 9000 9140 9150 
786 0 6 2 9005 9150 9160 
814 1 1 6 9100 9110 9169 
783 0 6 3 8991 9100 9186 
815 1 5 5 9101 9120 9188 
819 1 1 7 9155 9160 9200 
818 1 5 2 9150 9170 9210 
784 0 6 5 8996 9130 9238 
790 0 6 0 9022 9230 9241 
824 1 1 7 9208 9210 9250 
791 0 6 3 9026 9241 9251 
787 0 6 2 9009 9180 9260 
792 0 6 1 9029 9251 9261 
788 0 6 5 9013 9190 9288 
827 1 5 0 9258 9261 9291 
789 0 6 7 9017 9220 9300 
828 1 1 4 9282 9291 9301 
830 1 5 1 9310 9311 9321 
822 1 5 5 9199 9200 9338 
795 0 6 0 9041 9301 9341 
796 0 6 4 9046 9321 9351 
798 0 6 6 9054 9341 9351 
832 1 1 1 9344 9351 9371 
834 1 5 3 9369 9372 9382 
793 0 6 5 9032 9271 9388 
800 0 6 2 9063 9382 9392 
797 0 6 4 9049 9331 9401 
802 0 6 7 9070 9402 9412 
836 1 1 3 9412 9422 9432 
794 0 6 5 9036 9281 9438 
838 1 5 0 9426 9432 9442 
799 0 6 4 9059 9362 9451 
804 0 6 6 9077 9442 9452 
805 0 6 1 9081 9452 9462 
806 1 3 5 8957 9462 9488 
801 0 6 4 9066 9392 9501 
841 1 5 1 9475 9482 9512 
844 0 2 3 9499 9502 9513 
846 0 2 6 9507 9523 9533 
811 1 3 5 9031 9472 9538 
847 0 2 0 9512 9533 9543 
803 0 6 4 9073 9412 9551 
848 0 2 7 9516 9543 9553 
849 0 2 6 9519 9553 9583 
842 1 1 5 9490 9492 9588 
878 1 1 0 9561 9563 9593 
851 0 2 4 9526 9593 9603 
853 0 2 7 9533 9613 9623 
877 1 5 6 9555 9573 9633 
854 0 2 1 9538 9623 9633 
845 0 2 5 9503 9513 9638 
850 0 2 0 9522 9583 9643 
852 0 2 4 9530 9603 9653 
885 1 7 5 9676 0 0 
881 1 5 6 9630 9633 9683 
882 1 1 1 9640 9643 9683 
855 0 2 5 9542 9653 9689 
856 0 2 0 9546 9664 9693 
857 0 2 2 9551 9684 9694 
858 0 2 3 9556 9694 9704 
859 0 2 4 9560 9704 9714 
887 1 7 4 9725 0 0 
884 1 5 6 9670 9674 9733 
860 0 2 7 9565 9724 9734 
886 1 1 3 9707 9714 9754 
861 0 2 4 9570 9734 9764 
864 0 2 6 9581 9774 9784 
865 0 2 7 9585 9784 9794 
892 1 7 0 9802 0 0 
862 0 2 3 9574 9744 9804 
889 1 5 4 9746 9754 9814 
893 1 5 0 9804 9804 9815 
867 0 2 5 9594 9825 9835 
868 0 2 7 9599 9835 9845 
896 1 7 5 9852 0 0 
863 0 2 3 9577 9764 9854 
866 0 2 4 9589 9815 9864 
894 1 1 0 9841 9845 9865 
869 0 2 1 9603 9855 9865 
897 1 5 5 9874 9875 9885 
890 1 1 3 9785 9794 9904 
898 0 0 2 9891 9895 9905 
933 1 7 0 9909 0 0 
871 0 2 4 9610 9885 9914 
870 0 2 1 9606 9865 9915 
899 0 0 5 9895 9905 9935 
937 1 7 7 9965 0 0 
900 0 0 1 9899 9915 9965 
904 0 0 4 9916 9956 9966 
905 0 0 2 9921 9966 9976 
901 0 0 5 9903 9925 9985 
906 0 0 7 9924 9976 9986 
907 0 0 0 9929 9986 9996 
908 0 0 6 9933 9996 10006 
939 1 7 7 10008 0 0 
902 0 0 1 9907 9935 10015 
909 0 0 2 9937 10006 10026 
911 0 0 5 9945 10026 10036 
912 0 0 6 9948 10036 10056 
903 0 0 1 9912 9945 10065 
943 1 7 2 10067 0 0 
910 0 0 2 9942 10016 10076 
916 0 0 5 9963 10076 10086 
913 0 0 6 9951 10046 10106 
914 0 0 1 9956 10056 10115 
919 0 0 3 9974 10107 10117 
915 0 0 2 9959 10066 10126 
947 1 7 1 10133 0 0 
921 0 0 0 9981 10127 10137 
922 0 0 5 9984 10137 10147 
920 0 0 6 9978 10117 10156 
923 0 0 7 9987 10147 10157 
917 0 0 1 9966 10086 10165 
918 0 0 2 9970 10097 10176 
926 0 0 0 10000 10177 10187 
952 1 7 0 10192 0 0 
925 0 0 5 9996 10167 10197 
927 0 0 4 10004 10187 10197 
924 0 0 6 9992 10157 10206 
928 0 0 7 10009 10197 10207 
931 0 0 0 10024 10227 10237 
932 1 1 2 9894 10237 10248 
956 1 7 5 10248 0 0 
929 0 0 6 10014 10207 10256 
930 0 0 7 10018 10217 10257 
944 1 1 4 10074 10268 10278 
936 1 1 0 9962 10247 10288 
949 1 1 5 10148 10278 10288 
953 1 1 2 10197 10288 10298 
941 1 1 6 10034 10258 10306 
935 1 5 3 9947 10308 10318 
960 1 7 0 10318 0 0 
957 1 1 0 10277 10298 10338 
945 1 5 4 10085 10328 10338 
948 1 5 2 10145 10338 10348 
940 1 5 6 10015 10318 10356 
963 1 7 5 10365 0 0 
961 1 1 5 10352 10358 10368 
955 1 5 0 10240 10368 10388 
951 1 5 4 10186 10348 10388 
964 1 5 6 10369 10388 10406 
965 1 7 3 10410 0 0 
873 0 2 1 9617 10409 10419 
872 0 2 0 9613 10398 10438 
958 1 5 4 10293 10378 10438 
874 0 2 3 9621 10429 10439 
968 1 5 1 10444 10449 10469 
969 1 7 4 10470 0 0 
826 1 3 2 9256 10469 10479 
821 1 3 0 9183 10459 10488 
966 1 1 4 10413 10419 10488 
817 1 3 3 9107 10439 10489 
971 1 1 6 10484 10489 10499 
831 1 3 1 9310 10479 10519 
973 1 7 4 10519 0 0 
839 1 3 2 9446 10509 10529 
835 1 3 4 9383 10499 10538 
843 1 3 3 9496 10529 10539 
876 1 3 7 9544 10539 10550 
976 1 7 2 10560 0 0 
879 1 3 0 9593 10560 10570 
972 1 5 2 10512 10519 10579 
883 1 3 5 9662 10570 10580 
975 1 1 7 10547 10550 10600 
977 1 5 6 10587 10590 10600 
978 1 7 3 10601 0 0 
891 1 3 0 9790 10600 10620 
888 1 3 5 9741 10580 10630 
934 1 3 2 9911 10630 10640 
982 1 7 6 10643 0 0 
895 1 3 7 9851 10620 10650 
938 1 3 6 9983 10640 10650 
980 1 1 5 10608 10610 10680 
946 1 3 4 10099 10670 10680 
942 1 3 2 10058 10660 10690 
986 1 7 6 10697 0 0 
950 1 3 7 10179 10680 10700 
981 1 5 6 10641 10650 10700 
985 1 5 1 10689 10700 10711 
959 1 3 5 10306 10721 10731 
984 1 1 2 10683 10690 10740 
988 1 1 6 10730 10731 10750 
962 1 3 3 10356 10741 10751 
954 1 3 1 10233 10711 10761 
990 1 7 2 10765 0 0 
989 1 5 0 10752 10761 10771 
970 1 3 6 10473 10771 10800 
979 1 3 4 10604 10791 10801 
994 1 7 2 10809 0 0 
967 1 3 1 10414 10751 10811 
993 1 5 2 10806 10811 10821 
983 1 3 5 10645 10821 10831 
992 1 3 4 10793 10841 10851 
974 1 3 1 10527 10781 10861 
995 1 1 0 10857 10861 10872 
987 1 3 5 10722 10831 10881 
991 1 1 1 10792 10801 10911 
343 1 7 7 4929 10902 10912 
997 1 3 0 10872 10892 10922 
337 1 7 5 4814 10851 10931 
999 1 3 2 10915 10922 10932 
1001 0 4 6 10922 10932 10942 
347 1 7 0 4998 10912 10972 
1004 0 4 7 10934 10962 10972 
340 1 7 5 4868 10872 10981 
1003 0 4 2 10931 10952 10982 
1005 0 4 3 10937 10972 10982 
1008 0 4 1 10950 11002 11012 
1007 0 4 7 10946 10992 11022 
998 1 5 5 10874 10882 11032 
1006 0 4 2 10942 10982 11032 
1009 0 4 3 10954 11012 11032 
1011 0 4 4 10963 11033 11043 
1012 0 4 0 10966 11043 11053 
1014 0 4 1 10975 11063 11073 
1045 1 7 6 11078 0 0 
1002 0 4 5 10927 10942 11082 
1010 0 4 3 10958 11022 11082 
1013 0 4 4 10971 11053 11093 
1016 0 4 0 10981 11083 11103 
1017 0 4 6 10984 11093 11103 
1015 0 4 5 10978 11073 11132 
1020 0 4 3 10998 11123 11133 
1049 1 7 1 11140 0 0 
1021 0 4 2 11002 11133 11143 
1018 0 4 6 10988 11103 11153 
1022 0 4 7 11005 11143 11154 
1024 0 4 5 11014 11164 11182 
1026 0 4 3 11023 11184 11194 
1019 0 4 6 10993 11113 11203 
1052 1 7 3 11204 0 0 
1028 0 4 2 11033 11204 11214 
1029 0 4 1 11037 11214 11224 
1025 0 4 5 11019 11174 11232 
1030 0 4 4 11041 11224 11234 
1031 0 4 3 11046 11234 11244 
1023 0 4 6 11010 11154 11253 
1057 1 7 6 11273 0 0 
1034 0 4 2 11057 11264 11274 
1035 1 1 0 10936 11274 11285 
1032 0 4 3 11050 11244 11294 
1027 0 4 6 11028 11194 11303 
1047 1 1 1 11130 11305 11315 
1043 1 1 2 11052 11295 11325 
1061 1 7 1 11330 0 0 
1039 1 1 3 10989 11285 11344 
1033 0 4 6 11054 11254 11353 
1036 1 5 4 10949 11345 11355 
1053 1 1 1 11209 11315 11365 
1040 1 5 0 11019 11365 11375 
1065 1 7 7 11396 0 0 
1056 1 1 6 11264 11325 11404 
1054 1 5 1 11224 11396 11415 
1058 1 5 3 11281 11406 11416 
1046 1 5 0 11086 11375 11426 
1063 1 5 5 11359 11426 11436 
1069 1 7 4 11436 0 0 
1059 1 1 6 11308 11335 11454 
1038 1 3 2 10985 11446 11456 
1066 1 1 1 11407 11416 11465 
1042 1 3 0 11035 11456 11476 
1068 1 5 5 11433 11436 11486 
1072 1 7 1 11486 0 0 
1071 1 1 7 11485 11486 11496 
1062 1 1 6 11348 11355 11504 
1048 1 3 1 11138 11476 11515 
1044 1 3 0 11076 11466 11526 
1055 1 3 3 11243 11516 11526 
1076 1 7 3 11545 0 0 
1050 1 5 6 11156 11386 11554 
1073 1 5 1 11490 11496 11565 
1051 1 3 0 11180 11506 11576 
1064 1 3 3 11362 11536 11576 
1077 1 5 5 11562 11567 11577 
1060 1 3 6 11313 11526 11604 
1079 1 7 1 11604 0 0 
1075 1 1 0 11541 11546 11626 
1070 1 3 3 11449 11577 11626 
1080 1 5 1 11607 11617 11627 
1067 1 3 6 11409 11556 11654 
1074 1 3 0 11510 11587 11676 
1078 1 3 3 11585 11597 11677 
1085 1 1 4 11677 11677 11687 
385 1 7 6 5111 11647 11704 
433 1 7 2 5311 11708 11718 
1081 1 1 0 11621 11627 11726 
383 1 7 3 5071 11607 11727 
438 1 7 5 5384 11718 11728 
1084 1 5 6 11667 11667 11754 
443 1 7 2 5454 11728 11768 
1082 1 3 0 11636 11637 11776 
390 1 7 3 5187 11657 11777 
1091 0 6 5 11750 11758 11778 
1094 0 6 7 11765 11788 11798 
1092 0 6 6 11755 11768 11804 
1088 1 1 2 11736 11738 11818 
1132 1 1 0 11803 11808 11826 
1086 1 3 3 11681 11687 11827 
1093 0 6 5 11760 11778 11828 
1090 1 5 2 11740 11748 11868 
1097 0 6 0 11778 11839 11876 
395 1 7 3 5261 11698 11877 
1137 1 5 6 11865 11879 11889 
