1 0 0 6 7793 7793 7803 
37 1 1 3 7793 7803 7813 
38 0 2 2 7793 7813 7823 
72 1 3 1 7793 7823 7833 
73 0 4 3 7793 7833 7863 
112 0 6 4 7793 7853 7863 
2 0 0 6 7800 7873 7884 
147 1 1 5 7840 7884 7894 
111 1 5 3 7793 7843 7913 
146 1 7 4 7794 7863 7914 
150 1 3 1 7850 7904 7914 
74 0 4 7 7800 7914 7924 
39 0 2 6 7800 7894 7934 
148 1 5 5 7841 7924 7944 
113 0 6 3 7797 7934 7963 
149 1 7 1 7847 7944 7964 
151 1 1 6 7901 7964 7984 
3 0 0 5 7805 7954 7994 
154 1 3 4 7919 7984 7994 
75 0 4 1 7803 7994 8014 
114 0 6 3 7802 8014 8024 
40 0 2 6 7804 7974 8034 
152 1 7 2 7907 8024 8034 
153 1 5 5 7908 8004 8044 
158 1 3 1 7997 8065 8075 
156 1 1 6 7967 8045 8084 
76 0 4 3 7806 8075 8085 
4 0 0 5 7808 8034 8094 
155 1 7 4 7952 8105 8115 
115 0 6 1 7806 8095 8125 
157 1 5 6 7977 8085 8134 
41 0 2 5 7807 8055 8144 
42 0 2 3 7810 8135 8145 
163 1 3 4 8056 8145 8165 
161 1 1 1 8022 8125 8175 
77 0 4 6 7810 8155 8184 
116 0 6 0 7810 8175 8185 
5 0 0 5 7813 8115 8194 
160 1 5 3 8022 8165 8195 
159 1 7 1 8010 8185 8225 
166 1 3 0 8122 8226 8236 
43 0 2 3 7813 8216 8245 
78 0 4 6 7815 8236 8246 
165 1 5 7 8085 8246 8256 
117 0 6 4 7814 8256 8266 
6 0 0 1 7817 8195 8275 
162 1 7 3 8055 8266 8295 
7 0 0 6 7820 8276 8296 
169 1 1 4 8160 8286 8316 
164 1 1 1 8081 8206 8325 
79 0 4 0 7820 8316 8326 
170 1 3 6 8167 8306 8346 
44 0 2 4 7818 8296 8366 
167 1 5 0 8127 8326 8377 
173 1 1 1 8201 8367 8377 
168 1 7 6 8129 8347 8396 
80 0 4 2 7825 8397 8407 
118 0 6 4 7817 8337 8416 
119 0 6 1 7821 8417 8427 
172 1 7 0 8197 8427 8437 
8 0 0 6 7823 8357 8446 
9 0 0 7 7827 8437 8447 
177 1 1 2 8255 8447 8457 
45 0 2 4 7821 8377 8466 
179 1 3 1 8299 8467 8477 
81 0 4 3 7830 8477 8487 
174 1 3 6 8223 8387 8496 
175 1 5 0 8233 8487 8498 
171 1 5 4 8174 8407 8516 
176 1 7 2 8247 8508 8518 
120 0 6 3 7826 8498 8538 
46 0 2 6 7824 8457 8546 
10 0 0 4 7830 8518 8566 
82 0 4 2 7835 8558 8568 
183 1 3 3 8341 8548 8588 
181 1 1 4 8325 8528 8616 
121 0 6 2 7831 8578 8618 
180 1 7 3 8322 8588 8638 
47 0 2 4 7827 8538 8667 
185 1 3 2 8383 8628 8668 
184 1 7 1 8375 8669 8679 
187 1 1 3 8391 8608 8688 
189 1 1 5 8445 8689 8699 
49 0 2 6 7836 8699 8709 
178 1 5 4 8276 8568 8717 
83 0 4 2 7839 8638 8718 
190 1 3 0 8448 8709 8719 
84 0 4 1 7843 8719 8729 
122 0 6 3 7835 8658 8738 
11 0 0 4 7833 8598 8767 
182 1 5 2 8330 8648 8768 
188 1 7 1 8421 8749 8779 
195 1 1 0 8520 8769 8779 
12 0 0 3 7836 8679 8788 
48 0 2 4 7833 8618 8817 
13 0 0 1 7840 8759 8829 
193 1 3 0 8498 8789 8829 
124 0 6 6 7842 8820 8830 
123 0 6 3 7839 8739 8838 
186 1 5 4 8386 8729 8867 
85 0 4 1 7848 8799 8879 
198 1 1 0 8572 8850 8879 
192 1 7 6 8492 8830 8880 
86 0 4 2 7853 8880 8890 
125 0 6 7 7846 8900 8910 
50 0 2 4 7841 8779 8917 
191 1 5 1 8460 8810 8929 
51 0 2 0 7846 8860 8930 
199 1 3 6 8572 8870 8930 
194 1 5 2 8505 8890 8940 
203 1 1 5 8645 8930 8940 
15 0 0 7 7850 8920 8960 
14 0 0 4 7845 8840 8967 
87 0 4 6 7858 8961 8980 
197 1 5 0 8557 8971 8981 
196 1 7 2 8555 8910 8990 
52 0 2 5 7849 8940 8991 
202 1 3 7 8637 8950 9010 
200 1 7 4 8598 8991 9017 
16 0 0 0 7854 9001 9031 
53 0 2 3 7853 9021 9031 
126 0 6 2 7850 8981 9040 
201 1 5 1 8601 9051 9061 
207 1 1 4 8696 9011 9067 
206 1 3 0 8692 9031 9081 
204 1 7 2 8647 9071 9090 
17 0 0 7 7857 9081 9091 
209 1 1 1 8738 9091 9111 
88 0 4 4 7861 9041 9117 
211 1 3 3 8739 9112 9122 
205 1 5 7 8663 9132 9142 
127 0 6 4 7856 9061 9167 
89 0 4 3 7866 9122 9172 
18 0 0 2 7862 9162 9172 
213 1 1 6 8807 9172 9182 
215 1 3 7 8813 9192 9202 
54 0 2 4 7858 9102 9217 
90 0 4 2 7870 9202 9222 
55 0 2 6 7863 9182 9232 
129 0 6 1 7864 9222 9233 
212 1 7 5 8789 9233 9243 
210 1 5 7 8738 9212 9252 
128 0 6 4 7861 9142 9268 
218 1 1 6 8863 9253 9282 
19 0 0 1 7866 9243 9283 
91 0 4 3 7874 9283 9293 
214 1 5 0 8811 9293 9303 
208 1 7 4 8713 9152 9318 
216 1 7 5 8831 9313 9323 
130 0 6 1 7869 9303 9333 
20 0 0 3 7871 9323 9343 
221 1 1 2 8918 9333 9343 
56 0 2 4 7866 9263 9368 
92 0 4 3 7878 9364 9393 
223 1 3 2 8930 9354 9394 
131 0 6 7 7873 9384 9394 
21 0 0 5 7876 9404 9414 
220 1 3 4 8889 9273 9418 
58 0 2 3 7875 9424 9443 
225 1 1 7 8959 9414 9444 
57 0 2 4 7871 9343 9468 
132 0 6 0 7876 9464 9474 
93 0 4 3 7883 9444 9493 
22 0 0 2 7880 9484 9494 
228 1 1 7 9032 9494 9504 
217 1 5 4 8857 9374 9518 
94 0 4 0 7887 9524 9535 
224 1 7 3 8959 9474 9543 
59 0 2 2 7879 9504 9544 
230 1 3 7 9045 9514 9554 
133 0 6 5 7881 9545 9555 
219 1 7 4 8883 9394 9568 
233 1 1 0 9098 9575 9585 
60 0 2 2 7883 9585 9595 
229 1 7 7 9039 9555 9605 
226 1 3 4 8971 9434 9618 
231 1 5 3 9061 9615 9625 
95 0 4 0 7891 9605 9635 
235 1 7 5 9115 9635 9645 
23 0 0 7 7884 9565 9655 
237 1 1 1 9151 9655 9665 
222 1 5 4 8919 9454 9668 
24 0 0 3 7887 9645 9675 
61 0 2 6 7888 9665 9675 
134 0 6 0 7885 9625 9685 
232 1 3 7 9096 9595 9705 
234 1 5 1 9109 9695 9715 
135 0 6 5 7888 9706 9716 
227 1 5 4 8990 9535 9718 
96 0 4 6 7895 9685 9725 
25 0 0 0 7891 9726 9736 
236 1 3 7 9145 9675 9755 
62 0 2 1 7892 9746 9765 
239 1 7 5 9185 9716 9766 
241 1 1 4 9230 9736 9768 
238 1 5 6 9175 9776 9786 
240 1 3 7 9225 9756 9805 
97 0 4 1 7900 9766 9815 
136 0 6 5 7893 9786 9816 
26 0 0 4 7894 9806 9818 
63 0 2 2 7895 9827 9837 
242 1 7 7 9243 9796 9855 
98 0 4 6 7905 9847 9857 
245 1 1 5 9299 9816 9866 
137 0 6 4 7896 9867 9877 
244 1 3 2 9295 9837 9887 
248 1 1 0 9357 9897 9907 
243 1 5 5 9249 9857 9916 
27 0 0 4 7897 9887 9927 
250 1 3 1 9368 9917 9927 
64 0 2 2 7900 9907 9937 
99 0 4 7 7908 9927 9937 
247 1 7 5 9324 9877 9966 
251 1 7 6 9395 9958 9968 
246 1 5 2 9311 9937 9987 
65 0 2 4 7904 9988 9998 
138 0 6 5 7901 9947 10016 
249 1 5 7 9360 10018 10028 
254 1 3 2 9424 9998 10037 
139 0 6 3 7904 10028 10038 
256 1 7 6 9469 10038 10048 
28 0 0 5 7901 9968 10066 
255 1 1 4 9463 10058 10068 
100 0 4 2 7912 10008 10087 
29 0 0 3 7906 10048 10088 
258 1 3 0 9496 10078 10088 
66 0 2 6 7910 10068 10098 
253 1 1 5 9416 9978 10116 
252 1 5 4 9405 10099 10118 
101 0 4 6 7918 10088 10148 
30 0 0 5 7909 10129 10166 
140 0 6 4 7908 10109 10168 
262 1 3 2 9566 10159 10169 
102 0 4 1 7923 10169 10179 
260 1 1 6 9518 10139 10198 
266 1 7 7 9615 10199 10209 
257 1 5 5 9470 10179 10216 
261 1 7 4 9548 10119 10219 
31 0 0 0 7912 10209 10219 
263 1 1 2 9567 10219 10230 
267 1 3 1 9636 10240 10250 
103 0 4 7 7927 10250 10260 
67 0 2 4 7915 10149 10269 
68 0 2 0 7919 10230 10270 
142 0 6 2 7915 10270 10280 
269 1 7 6 9656 10280 10290 
265 1 1 3 9607 10300 10310 
141 0 6 4 7912 10189 10319 
69 0 2 5 7922 10310 10320 
272 1 3 2 9695 10320 10330 
264 1 5 7 9580 10340 10350 
259 1 5 4 9516 10260 10369 
273 1 7 5 9706 10361 10371 
104 0 4 2 7932 10330 10380 
33 0 0 3 7920 10371 10381 
270 1 1 0 9662 10381 10391 
32 0 0 4 7917 10290 10419 
105 0 4 6 7937 10411 10421 
277 1 3 2 9768 10401 10430 
70 0 2 3 7927 10391 10431 
268 1 5 0 9646 10421 10441 
34 0 0 5 7924 10451 10461 
143 0 6 4 7920 10350 10469 
276 1 7 3 9761 10441 10481 
71 0 2 6 7931 10471 10482 
281 1 3 1 9817 10482 10492 
144 0 6 4 7925 10431 10519 
145 0 6 7 7929 10512 10522 
274 1 1 3 9718 10461 10531 
280 1 7 6 9803 10522 10532 
35 0 0 5 7929 10532 10542 
278 1 1 2 9776 10542 10552 
271 1 5 4 9690 10502 10569 
106 0 4 3 7940 10492 10581 
424 0 2 3 11431 11431 11443 
284 1 3 1 9859 11443 11453 
107 0 4 4 7943 11453 11463 
375 0 6 6 11213 11474 11484 
285 1 7 1 9860 11484 11504 
275 1 5 4 9749 11463 11514 
282 1 1 5 9829 11504 11514 
425 0 2 3 11434 11514 11524 
288 1 3 7 9912 11524 11534 
108 0 4 2 7947 11534 11544 
279 1 5 0 9794 11544 11554 
36 0 0 4 7932 11494 11564 
376 0 6 1 11218 11554 11564 
290 1 7 7 9933 11564 11584 
515 0 0 7 11887 11887 11900 
287 1 1 1 9902 11900 11910 
426 0 2 3 11439 11910 11920 
109 0 4 4 7952 11930 11940 
293 1 3 1 9992 11920 11960 
377 0 6 3 11223 11953 11970 
294 1 7 2 9992 11963 11973 
516 0 0 5 11892 11973 11983 
291 1 1 4 9947 11983 11993 
283 1 5 1 9837 11940 12010 
296 1 3 5 10048 12003 12033 
378 0 6 0 11227 12033 12043 
427 0 2 1 11443 11993 12060 
517 0 0 3 11897 12053 12063 
295 1 1 5 9995 12063 12083 
300 1 3 6 10090 12083 12093 
110 0 4 1 7955 12013 12110 
428 0 2 3 11448 12073 12113 
379 0 6 0 11230 12114 12124 
289 1 5 5 9929 12104 12133 
302 1 7 7 10125 12124 12134 
472 0 4 6 11723 12093 12144 
286 1 5 1 9885 12023 12160 
518 0 0 0 11901 12134 12174 
303 1 3 2 10144 12164 12174 
380 0 6 6 11234 12194 12204 
298 1 7 1 10060 12043 12211 
308 1 7 3 10205 12204 12214 
292 1 5 2 9990 12184 12224 
304 1 1 4 10145 12224 12234 
430 0 2 5 11458 12234 12244 
307 1 3 6 10201 12244 12254 
299 1 1 1 10073 12144 12261 
474 0 4 0 11729 12254 12265 
519 0 0 2 11906 12214 12274 
381 0 6 3 11239 12275 12285 
297 1 5 6 10053 12265 12305 
429 0 2 1 11453 12154 12311 
431 0 2 7 11461 12315 12325 
311 1 3 6 10258 12325 12355 
301 1 5 5 10118 12345 12355 
473 0 4 1 11726 12174 12361 
475 0 4 7 11734 12335 12375 
521 0 0 2 11913 12375 12385 
382 0 6 6 11242 12355 12405 
310 1 7 1 10251 12285 12411 
314 1 3 4 10298 12405 12415 
315 1 7 7 10308 12365 12425 
476 0 4 3 11737 12415 12426 
312 1 1 2 10268 12385 12435 
520 0 0 1 11909 12295 12461 
522 0 0 3 11918 12456 12476 
316 1 1 4 10318 12466 12476 
383 0 6 2 11246 12436 12485 
433 0 2 7 11469 12476 12486 
477 0 4 6 11740 12496 12506 
306 1 1 1 10199 12305 12511 
384 0 6 4 11250 12516 12526 
319 1 7 2 10383 12446 12535 
309 1 5 7 10246 12506 12536 
323 1 7 0 10457 12526 12537 
523 0 0 5 11921 12537 12547 
432 0 2 1 11465 12395 12561 
320 1 1 4 10391 12547 12577 
318 1 3 2 10361 12486 12586 
434 0 2 0 11472 12557 12587 
305 1 5 1 10186 12426 12611 
385 0 6 4 11253 12597 12627 
329 1 7 2 10534 12607 12636 
322 1 3 0 10419 12567 12637 
435 0 2 5 11475 12637 12647 
324 1 3 7 10462 12647 12657 
478 0 4 1 11744 12577 12661 
524 0 0 4 11926 12617 12677 
479 0 4 2 11749 12657 12686 
386 0 6 3 11257 12678 12688 
332 1 7 5 10601 12688 12698 
525 0 0 0 11931 12698 12708 
313 1 5 1 10296 12587 12711 
327 1 1 7 10514 12708 12718 
317 1 5 2 10351 12667 12736 
330 1 3 3 10542 12728 12738 
480 0 4 5 11754 12738 12748 
325 1 1 1 10467 12627 12761 
436 0 2 7 11479 12718 12768 
387 0 6 6 11262 12758 12768 
335 1 7 5 10648 12768 12798 
331 1 1 4 10592 12788 12799 
321 1 5 1 10408 12748 12811 
526 0 0 6 11936 12778 12818 
333 1 3 3 10602 12809 12819 
437 0 2 4 11483 12799 12849 
339 1 7 5 10705 12849 12859 
388 0 6 6 11267 12839 12868 
326 1 5 3 10475 12829 12869 
527 0 0 2 11941 12859 12869 
336 1 1 1 10653 12869 12879 
438 0 2 7 11486 12879 12889 
481 0 4 4 11758 12819 12899 
337 1 3 5 10657 12889 12909 
482 0 4 0 11763 12899 12909 
389 0 6 3 11270 12919 12929 
328 1 5 4 10533 12909 12949 
528 0 0 6 11944 12940 12950 
439 0 2 1 11489 12960 12970 
345 1 7 3 10778 12929 12980 
340 1 3 5 10711 12970 12980 
341 1 1 6 10711 12950 13000 
390 0 6 0 11275 13000 13010 
483 0 4 1 11768 12980 13020 
334 1 5 3 10612 12990 13030 
529 0 0 7 11950 13020 13030 
348 1 7 6 10850 13010 13050 
440 0 2 1 11492 13040 13070 
484 0 4 0 11772 13060 13070 
343 1 3 7 10772 13050 13080 
391 0 6 4 11279 13080 13090 
344 1 1 6 10778 13030 13100 
530 0 0 5 11953 13100 13110 
351 1 7 1 10900 13090 13120 
441 0 2 3 11497 13121 13131 
347 1 3 0 10841 13131 13141 
338 1 5 6 10687 13070 13150 
485 0 4 5 11775 13141 13161 
392 0 6 2 11283 13161 13171 
357 1 7 3 10972 13171 13181 
349 1 1 6 10856 13110 13200 
354 1 1 5 10930 13191 13211 
346 1 5 2 10786 13231 13242 
342 1 5 6 10735 13151 13250 
393 0 6 1 11286 13242 13252 
353 1 3 5 10914 13211 13261 
360 1 7 3 11013 13252 13262 
358 1 1 2 10988 13272 13292 
531 0 0 6 11957 13181 13300 
486 0 4 5 11780 13221 13311 
487 0 4 3 11785 13302 13312 
443 0 2 2 11503 13282 13342 
363 1 7 4 11060 13332 13342 
442 0 2 6 11500 13201 13350 
533 0 0 1 11966 13342 13352 
532 0 0 5 11962 13262 13361 
394 0 6 3 11289 13322 13362 
350 1 5 2 10864 13312 13392 
488 0 4 7 11789 13383 13393 
355 1 3 6 10960 13292 13400 
361 1 1 1 11028 13352 13402 
362 1 3 5 11029 13372 13411 
444 0 2 3 11507 13362 13412 
395 0 6 0 11293 13403 13413 
534 0 0 7 11971 13423 13443 
365 1 1 4 11084 13433 13443 
352 1 5 1 10909 13393 13453 
445 0 2 2 11511 13443 13453 
367 1 7 3 11113 13413 13462 
366 1 3 5 11098 13453 13463 
489 0 4 6 11792 13463 13473 
356 1 5 1 10961 13473 13503 
396 0 6 2 11297 13483 13503 
373 1 7 4 11192 13493 13504 
535 0 0 6 11975 13504 13523 
369 1 1 7 11126 13514 13524 
370 1 3 3 11148 13534 13544 
446 0 2 4 11514 13524 13554 
359 1 5 2 11002 13554 13564 
490 0 4 6 11796 13544 13573 
397 0 6 7 11302 13564 13574 
412 1 7 3 11252 13574 13594 
372 1 1 1 11169 13594 13604 
447 0 2 4 11518 13604 13614 
374 1 3 2 11192 13614 13624 
491 0 4 7 11799 13624 13634 
536 0 0 3 11978 13584 13644 
364 1 5 5 11065 13634 13644 
416 1 7 4 11315 13654 13665 
537 0 0 1 11983 13665 13675 
398 0 6 7 11306 13644 13684 
410 1 1 0 11219 13675 13685 
448 0 2 5 11521 13685 13695 
411 1 3 2 11247 13695 13705 
492 0 4 1 11804 13705 13725 
399 0 6 6 11309 13725 13735 
368 1 5 5 11115 13715 13745 
420 1 7 2 11378 13735 13755 
538 0 0 4 11987 13745 13755 
449 0 2 7 11524 13765 13775 
413 1 1 6 11263 13755 13785 
415 1 3 5 11305 13775 13795 
493 0 4 4 11810 13785 13805 
400 0 6 0 11313 13805 13816 
454 1 7 6 11439 13816 13835 
539 0 0 5 11991 13826 13845 
417 1 1 3 11340 13836 13846 
371 1 5 4 11156 13795 13855 
450 0 2 2 11529 13846 13856 
494 0 4 4 11814 13866 13905 
419 1 3 2 11366 13856 13906 
540 0 0 6 11995 13906 13916 
421 1 1 3 11390 13916 13926 
451 0 2 0 11534 13926 13936 
409 1 5 4 11218 13876 13955 
401 0 6 2 11316 13886 13956 
414 1 5 7 11286 13957 13967 
402 0 6 0 11319 13967 13987 
541 0 0 6 11998 13987 13997 
458 1 7 4 11504 13896 14005 
495 0 4 2 11817 13947 14006 
455 1 1 5 11445 13997 14007 
463 1 7 7 11561 13977 14017 
452 0 2 0 11539 14007 14037 
418 1 5 1 11353 14037 14047 
423 1 3 4 11423 13936 14055 
456 1 3 2 11467 14017 14056 
403 0 6 3 11322 14047 14058 
542 0 0 5 12003 14068 14078 
460 1 1 7 11513 14078 14088 
467 1 7 1 11606 14058 14098 
496 0 4 2 11822 14027 14106 
459 1 3 6 11508 14098 14108 
453 0 2 5 11542 14088 14128 
422 1 5 3 11421 14118 14128 
543 0 0 2 12008 14148 14158 
497 0 4 5 11827 14108 14178 
404 0 6 3 11325 14128 14178 
470 1 7 3 11673 14138 14228 
464 1 1 5 11591 14158 14228 
840 1 5 3 15329 0 0 
875 1 5 1 15380 0 0 
908 1 3 6 15391 0 0 
877 0 2 3 15389 15389 15400 
462 1 3 0 11554 15400 15410 
498 0 4 2 11830 15410 15420 
405 0 6 7 11328 15430 15440 
457 1 5 0 11492 15420 15460 
544 0 0 2 12014 15453 15470 
468 1 1 3 11647 15463 15474 
915 1 5 0 15495 0 0 
499 0 4 4 11833 15494 15504 
917 1 7 5 15508 0 0 
503 1 7 0 11727 15440 15510 
461 1 5 3 11539 15504 15524 
406 0 6 2 11333 15514 15524 
506 1 7 5 11769 15524 15534 
918 1 3 0 15540 0 0 
842 0 0 4 15380 15534 15554 
878 0 2 0 15393 15474 15560 
502 1 1 2 11724 15544 15574 
469 1 3 5 11670 15564 15584 
500 0 4 4 11838 15574 15604 
510 1 7 7 11834 15604 15614 
466 1 5 2 11602 15584 15624 
843 0 0 1 15384 15614 15624 
507 1 1 5 11790 15624 15634 
880 0 2 4 15400 15634 15654 
926 1 5 1 15656 0 0 
879 0 2 0 15396 15554 15661 
504 1 3 7 11746 15645 15664 
501 0 4 1 11843 15655 15674 
471 1 5 6 11677 15665 15675 
408 0 6 2 11341 15675 15685 
844 0 0 3 15389 15695 15705 
407 0 6 0 11337 15594 15711 
513 1 7 6 11880 15685 15725 
881 0 2 5 15403 15715 15725 
509 1 3 1 11824 15725 15735 
768 0 4 2 15256 15735 15745 
512 1 1 3 11865 15705 15755 
806 0 6 0 15260 15755 15766 
934 1 3 2 15780 0 0 
845 0 0 7 15394 15776 15786 
546 1 7 2 11925 15766 15795 
547 1 1 4 11927 15786 15796 
505 1 5 3 11752 15745 15805 
882 0 2 1 15408 15796 15806 
936 1 5 5 15811 0 0 
508 1 5 5 11802 15826 15836 
514 1 3 2 11885 15806 15846 
807 0 6 7 15265 15836 15846 
769 0 4 3 15261 15816 15855 
552 1 7 6 12004 15846 15856 
846 0 0 4 15397 15856 15866 
883 0 2 0 15413 15876 15887 
549 1 1 7 11972 15866 15896 
942 1 7 2 15913 0 0 
770 0 4 4 15264 15897 15916 
808 0 6 6 15268 15917 15927 
553 1 7 2 12045 15927 15937 
548 1 3 7 11949 15887 15946 
847 0 0 1 15401 15937 15947 
554 1 1 3 12047 15947 15957 
551 1 3 4 11998 15967 15977 
771 0 4 2 15267 15977 15987 
511 1 5 7 11850 15907 15996 
884 0 2 3 15418 15957 16007 
809 0 6 5 15272 15997 16007 
848 0 0 6 15405 16017 16027 
950 1 3 7 16033 0 0 
557 1 1 7 12091 16027 16046 
953 1 5 2 16048 0 0 
545 1 5 3 11907 15987 16057 
559 1 7 5 12108 16007 16057 
772 0 4 4 15273 16058 16068 
885 0 2 6 15423 16037 16077 
550 1 5 1 11974 16068 16078 
562 1 7 2 12152 16088 16098 
956 1 1 5 16103 0 0 
556 1 3 5 12066 16047 16107 
849 0 0 3 15410 16098 16108 
563 1 1 7 12164 16108 16118 
886 0 2 0 15427 16118 16128 
958 1 7 4 16141 0 0 
810 0 6 5 15275 16078 16157 
555 1 5 1 12047 16148 16158 
773 0 4 7 15277 16138 16168 
560 1 3 0 12136 16128 16178 
565 1 7 6 12196 16168 16178 
850 0 0 5 15413 16178 16208 
811 0 6 0 15280 16158 16228 
567 1 1 6 12238 16188 16228 
558 1 5 7 12096 16229 16239 
967 1 3 1 16267 0 0 
851 0 0 3 15418 16259 16269 
564 1 3 0 12196 16209 16278 
887 0 2 6 15432 16199 16279 
571 1 1 5 12307 16269 16279 
888 0 2 7 15436 16279 16289 
775 0 4 2 15287 16299 16309 
969 1 7 4 16322 0 0 
774 0 4 0 15282 16219 16328 
812 0 6 6 15284 16239 16329 
561 1 5 5 12142 16309 16329 
569 1 3 7 12254 16289 16339 
889 0 2 4 15440 16360 16370 
568 1 7 6 12252 16249 16379 
573 1 7 5 12321 16329 16379 
852 0 0 7 15423 16339 16389 
566 1 5 3 12217 16390 16400 
776 0 4 4 15292 16380 16420 
813 0 6 6 15288 16319 16429 
575 1 1 5 12383 16350 16429 
853 0 0 1 15426 16420 16430 
978 1 7 3 16453 0 0 
980 1 5 5 16459 0 0 
577 1 7 4 12390 16410 16470 
572 1 3 6 12311 16370 16479 
580 1 1 5 12456 16430 16479 
570 1 5 7 12290 16470 16480 
815 0 6 0 15298 16480 16490 
981 1 1 6 16493 0 0 
983 1 3 5 16499 0 0 
579 1 7 1 12435 16490 16500 
890 0 2 4 15444 16440 16520 
814 0 6 6 15293 16400 16529 
854 0 0 0 15431 16500 16540 
581 1 3 2 12457 16531 16541 
986 1 7 6 16549 0 0 
778 0 4 7 15300 16541 16551 
576 1 3 6 12389 16450 16579 
574 1 5 0 12359 16551 16590 
816 0 6 2 15301 16561 16591 
855 0 0 1 15435 16581 16591 
583 1 7 7 12481 16571 16601 
590 1 1 5 12576 16591 16601 
777 0 4 6 15297 16460 16629 
779 0 4 4 15303 16621 16631 
584 1 3 1 12500 16611 16641 
892 0 2 5 15453 16601 16651 
817 0 6 0 15305 16641 16651 
993 1 1 2 16658 0 0 
586 1 1 6 12515 16511 16679 
856 0 0 1 15438 16662 16691 
578 1 5 5 12416 16631 16701 
588 1 3 4 12546 16692 16702 
995 1 5 0 16708 0 0 
996 1 7 5 16720 0 0 
582 1 5 2 12459 16712 16722 
891 0 2 6 15448 16521 16729 
780 0 4 1 15308 16702 16741 
587 1 7 5 12535 16651 16751 
818 0 6 4 15310 16722 16752 
999 1 3 2 16769 0 0 
591 1 7 6 12592 16732 16780 
781 0 4 7 15312 16783 16794 
592 1 3 1 12599 16773 16794 
593 1 1 5 12617 16672 16803 
597 1 1 4 12678 16752 16804 
585 1 5 2 12501 16794 16805 
857 0 0 6 15441 16742 16830 
858 0 0 7 15445 16824 16844 
601 1 1 1 12744 16834 16844 
893 0 2 5 15457 16682 16853 
894 0 2 4 15460 16763 16854 
819 0 6 2 15315 16804 16855 
782 0 4 0 15315 16864 16874 
1007 1 7 5 16875 0 0 
596 1 7 5 12663 16814 16904 
895 0 2 4 15465 16844 16904 
589 1 5 2 12569 16874 16905 
859 0 0 1 15450 16904 16914 
606 1 1 6 12819 16914 16924 
896 0 2 0 15470 16924 16935 
595 1 3 5 12642 16854 16954 
783 0 4 7 15319 16945 16955 
600 1 7 2 12713 16894 16955 
1013 1 1 7 16971 0 0 
594 1 5 6 12634 16955 16974 
599 1 3 0 12711 16935 16985 
604 1 7 1 12789 16975 16985 
820 0 6 5 15320 16884 17004 
821 0 6 2 15324 16965 17005 
1016 1 3 5 17011 0 0 
860 0 0 6 15454 16985 17025 
1017 1 7 6 17031 0 0 
897 0 2 0 15475 17005 17035 
602 1 3 1 12756 17015 17035 
784 0 4 7 15323 17025 17035 
822 0 6 3 15329 17045 17055 
610 1 1 6 12898 16995 17075 
598 1 5 7 12708 17035 17085 
614 1 1 5 12958 17075 17085 
607 1 7 3 12849 17055 17105 
785 0 4 6 15327 17106 17125 
898 0 2 7 15478 17085 17135 
603 1 5 5 12776 17116 17135 
823 0 6 2 15332 17126 17136 
861 0 0 3 15457 17065 17155 
1026 1 3 0 17169 0 0 
611 1 7 5 12900 17136 17186 
618 1 1 2 13008 17156 17186 
609 1 3 6 12883 17176 17186 
1029 1 7 4 17197 0 0 
605 1 3 3 12816 17095 17205 
862 0 0 5 15461 17146 17236 
615 1 7 2 12960 17216 17236 
623 1 1 1 13079 17236 17247 
786 0 4 3 15331 17186 17256 
900 0 2 0 15486 17247 17257 
1032 1 5 4 17269 0 0 
899 0 2 5 15481 17166 17286 
787 0 4 2 15336 17267 17286 
825 0 6 6 15341 17287 17297 
608 1 5 3 12853 17196 17306 
864 0 0 0 15470 17307 17317 
824 0 6 5 15337 17206 17336 
612 1 5 2 12906 17277 17336 
901 0 2 4 15491 17327 17337 
863 0 0 3 15465 17226 17356 
617 1 5 7 12983 17357 17367 
1039 1 7 4 17369 0 0 
1040 1 1 2 17372 0 0 
826 0 6 6 15344 17367 17377 
616 1 3 5 12977 17337 17386 
622 1 7 0 13064 17377 17387 
1041 1 3 7 17388 0 0 
613 1 3 3 12933 17257 17406 
902 0 2 7 15494 17408 17418 
619 1 3 4 13022 17418 17428 
630 1 1 5 13177 17397 17436 
865 0 0 0 15475 17387 17438 
621 1 5 2 13044 17438 17448 
620 1 7 3 13023 17297 17456 
627 1 7 7 13128 17458 17468 
1047 1 3 0 17471 0 0 
789 0 4 5 15343 17428 17486 
827 0 6 2 15348 17448 17498 
626 1 1 3 13122 17317 17506 
903 0 2 7 15498 17488 17518 
625 1 5 6 13118 17518 17528 
866 0 0 5 15480 17468 17536 
631 1 7 1 13177 17538 17548 
1052 1 1 0 17551 0 0 
788 0 4 3 15339 17347 17556 
867 0 0 4 15483 17548 17559 
828 0 6 7 15351 17528 17568 
1054 1 5 1 17585 0 0 
624 1 3 5 13081 17498 17586 
639 1 1 1 13288 17559 17599 
635 1 1 3 13242 17478 17606 
629 1 5 7 13162 17599 17618 
633 1 7 0 13228 17619 17629 
628 1 3 5 13159 17579 17636 
868 0 0 6 15487 17629 17639 
904 0 2 1 15503 17569 17649 
790 0 4 3 15346 17508 17656 
792 0 4 0 15354 17669 17679 
829 0 6 5 15355 17609 17686 
905 0 2 6 15506 17649 17689 
830 0 6 7 15359 17689 17699 
791 0 4 3 15351 17589 17706 
637 1 7 2 13284 17699 17710 
869 0 0 4 15492 17710 17720 
1063 1 5 6 17723 0 0 
634 1 3 5 13236 17659 17736 
643 1 1 3 13355 17639 17756 
640 1 3 2 13289 17740 17760 
636 1 5 4 13243 17760 17770 
1066 1 7 7 17776 0 0 
632 1 5 5 13202 17679 17786 
1068 1 3 6 17791 0 0 
