146 1 7 4 1060 1060 1070 
1 0 0 3 1059 1070 1080 
38 0 2 2 1059 1090 1100 
148 1 5 6 1108 1108 1118 
111 1 5 3 1059 1080 1130 
2 0 0 7 1064 1138 1148 
72 1 3 1 1059 1148 1158 
37 1 1 6 1059 1118 1168 
150 1 3 2 1116 1158 1168 
147 1 1 3 1099 1128 1180 
149 1 7 1 1113 1188 1208 
151 1 1 2 1145 1168 1218 
153 1 3 6 1183 1218 1228 
3 0 0 3 1067 1178 1230 
158 1 3 1 1234 1235 1258 
152 1 7 2 1164 1198 1268 
155 1 5 5 1187 1265 1275 
5 0 0 6 1075 1245 1278 
4 0 0 3 1071 1208 1280 
159 1 5 1 1248 1285 1308 
112 0 6 4 1060 1315 1325 
6 0 0 6 1080 1255 1328 
154 1 1 3 1185 1275 1330 
7 0 0 1 1085 1325 1358 
157 1 1 6 1234 1295 1378 
73 0 4 3 1059 1305 1380 
161 1 1 1 1278 1345 1408 
163 1 3 4 1294 1406 1416 
156 1 7 6 1222 1375 1428 
39 0 2 3 1062 1335 1430 
167 1 5 0 1367 1436 1446 
164 1 1 1 1337 1365 1458 
171 1 1 4 1416 1446 1466 
165 1 7 7 1340 1456 1466 
74 0 4 6 1064 1385 1479 
162 1 5 3 1293 1355 1480 
114 0 6 5 1070 1476 1486 
40 0 2 1 1067 1416 1508 
9 0 0 7 1091 1496 1516 
10 0 0 0 1094 1516 1526 
113 0 6 6 1066 1395 1529 
160 1 7 3 1277 1426 1531 
11 0 0 2 1100 1536 1546 
175 1 1 0 1475 1526 1576 
76 0 4 5 1073 1567 1577 
75 0 4 6 1070 1466 1579 
77 0 4 3 1076 1577 1587 
78 0 4 4 1079 1597 1607 
179 1 5 1 1546 1607 1617 
166 1 3 0 1360 1546 1626 
8 0 0 6 1088 1486 1629 
12 0 0 3 1103 1587 1637 
115 0 6 5 1073 1637 1647 
178 1 1 4 1518 1617 1657 
41 0 2 1 1070 1647 1667 
170 1 5 6 1414 1506 1679 
13 0 0 5 1106 1667 1697 
181 1 1 4 1572 1627 1707 
80 0 4 1 1086 1687 1717 
187 1 1 3 1638 1708 1718 
174 1 5 6 1470 1556 1729 
172 1 3 0 1445 1728 1738 
79 0 4 4 1082 1657 1757 
173 1 7 1 1450 1748 1767 
183 1 5 3 1588 1718 1768 
116 0 6 5 1078 1758 1768 
168 1 7 6 1382 1698 1779 
194 1 5 2 1749 1778 1788 
169 1 3 4 1404 1677 1807 
191 1 5 1 1704 1768 1817 
180 1 3 3 1570 1798 1818 
14 0 0 7 1111 1818 1829 
176 1 3 2 1495 1788 1838 
186 1 5 4 1630 1738 1857 
15 0 0 0 1115 1849 1859 
184 1 3 1 1623 1808 1867 
16 0 0 3 1118 1859 1869 
177 1 7 2 1504 1829 1888 
189 1 1 5 1692 1879 1889 
18 0 0 6 1128 1889 1899 
17 0 0 4 1123 1869 1907 
188 1 3 1 1668 1839 1917 
81 0 4 3 1091 1919 1929 
42 0 2 0 1074 1929 1939 
192 1 3 6 1739 1899 1949 
82 0 4 2 1096 1939 1949 
19 0 0 1 1131 1909 1967 
43 0 2 3 1078 1949 1979 
44 0 2 4 1083 1969 1980 
195 1 1 0 1768 1980 1990 
83 0 4 6 1100 1990 2000 
20 0 0 3 1136 1959 2029 
196 1 5 2 1801 2020 2030 
197 1 3 0 1802 2010 2040 
84 0 4 4 1105 2030 2040 
199 1 1 6 1820 2000 2050 
204 1 5 2 1894 2060 2080 
45 0 2 4 1086 2040 2090 
85 0 4 0 1110 2090 2100 
21 0 0 5 1141 2100 2111 
182 1 7 2 1573 2080 2130 
200 1 5 4 1844 2050 2140 
88 0 4 6 1122 2131 2141 
86 0 4 5 1113 2111 2161 
117 0 6 1 1082 2151 2161 
87 0 4 2 1117 2121 2180 
208 1 5 4 1960 2070 2190 
202 1 1 7 1885 2181 2191 
118 0 6 0 1085 2191 2201 
201 1 3 1 1846 2201 2211 
185 1 7 2 1629 2171 2230 
119 0 6 6 1089 2221 2231 
89 0 4 4 1125 2141 2240 
205 1 3 7 1908 2211 2241 
212 1 5 5 2036 2231 2241 
92 0 4 3 1140 2262 2272 
190 1 7 0 1695 2272 2282 
90 0 4 4 1131 2161 2290 
216 1 5 5 2078 2251 2292 
93 0 4 2 1144 2282 2292 
94 0 4 7 1148 2292 2302 
95 0 4 3 1151 2302 2322 
193 1 7 0 1745 2322 2332 
91 0 4 4 1136 2241 2341 
225 1 5 7 2206 2332 2352 
22 0 0 5 1145 2352 2362 
233 1 5 0 2345 2362 2382 
46 0 2 2 1089 2372 2382 
219 1 5 4 2130 2312 2391 
228 1 5 7 2279 2342 2402 
209 1 3 1 1984 2402 2412 
206 1 1 0 1940 2392 2432 
47 0 2 4 1094 2382 2441 
211 1 1 3 1987 2463 2473 
96 0 4 0 1155 2423 2482 
48 0 2 4 1098 2412 2491 
237 1 5 1 2398 2483 2493 
99 0 4 5 1164 2493 2503 
49 0 2 2 1101 2503 2513 
198 1 7 0 1819 2513 2532 
122 0 6 3 1101 2523 2533 
97 0 4 4 1158 2433 2541 
215 1 1 7 2061 2543 2553 
23 0 0 0 1149 2533 2582 
123 0 6 1 1105 2573 2583 
120 0 6 4 1092 2443 2591 
213 1 3 6 2053 2583 2594 
203 1 7 5 1892 2614 2624 
24 0 0 0 1154 2563 2632 
101 0 4 2 1172 2624 2634 
98 0 4 4 1161 2453 2641 
100 0 4 6 1169 2594 2644 
223 1 1 2 2178 2674 2684 
121 0 6 4 1097 2473 2691 
218 1 3 6 2109 2604 2694 
50 0 2 5 1105 2684 2694 
230 1 1 7 2292 2714 2724 
103 0 4 2 1182 2704 2734 
51 0 2 1 1108 2724 2734 
241 1 5 4 2476 2553 2741 
102 0 4 6 1177 2644 2744 
125 0 6 7 1115 2734 2775 
221 1 3 2 2164 2755 2784 
52 0 2 1 1113 2745 2785 
224 1 3 3 2205 2775 2785 
124 0 6 4 1110 2634 2791 
25 0 0 6 1158 2765 2794 
210 1 7 7 1985 2795 2825 
104 0 4 1 1187 2785 2835 
105 0 4 3 1191 2805 2835 
207 1 7 4 1943 2654 2841 
232 1 1 7 2343 2815 2875 
26 0 0 1 1163 2866 2885 
235 1 3 5 2361 2876 2886 
220 1 1 4 2137 2664 2892 
214 1 7 0 2058 2896 2906 
106 0 4 6 1195 2906 2916 
229 1 3 7 2285 2825 2925 
128 0 6 1 1128 2916 2935 
245 1 5 5 2545 2886 2936 
226 1 1 4 2218 2694 2942 
244 1 1 2 2542 2936 2946 
248 1 5 0 2604 2946 2956 
236 1 1 7 2392 2835 2975 
253 1 5 5 2663 2966 2986 
126 0 6 4 1120 2846 2992 
27 0 0 3 1168 2987 2997 
260 1 5 6 2765 2997 3007 
240 1 1 7 2472 2926 3025 
129 0 6 1 1133 3017 3027 
263 1 5 2 2814 3027 3037 
127 0 6 4 1125 2856 3042 
29 0 0 5 1176 3047 3057 
250 1 1 1 2615 3057 3077 
254 1 1 2 2672 3067 3087 
217 1 7 4 2103 2956 3092 
242 1 3 7 2489 3087 3097 
239 1 3 5 2431 3077 3107 
107 0 4 6 1199 3097 3107 
108 0 4 3 1202 3107 3118 
255 1 5 4 2710 2977 3142 
247 1 3 5 2569 3128 3157 
130 0 6 7 1137 3148 3158 
110 0 4 1 1210 3158 3168 
265 1 5 3 2854 3168 3178 
28 0 0 4 1172 3007 3192 
222 1 7 4 2165 3037 3242 
109 0 4 4 1206 3118 3293 
227 1 7 4 2236 3138 3343 
506 0 4 4 4976 4976 4986 
270 1 5 0 2909 4986 4996 
30 0 0 2 1180 4996 5009 
507 0 4 7 4981 5029 5041 
31 0 0 0 1185 5009 5046 
231 1 7 3 2307 5041 5051 
508 0 4 4 4985 5051 5063 
32 0 0 5 1188 5063 5073 
509 0 4 1 4990 5083 5093 
258 1 1 0 2744 5019 5096 
33 0 0 7 1193 5113 5123 
262 1 1 2 2814 5123 5133 
53 0 2 0 1118 5073 5146 
274 1 5 3 2965 5143 5153 
267 1 1 1 2884 5153 5163 
272 1 1 2 2943 5163 5183 
34 0 0 6 1196 5173 5183 
131 0 6 0 1140 5093 5196 
35 0 0 3 1201 5183 5203 
36 0 0 7 1204 5193 5204 
512 0 4 5 5002 5204 5214 
278 1 5 2 3023 5214 5233 
510 0 4 0 4995 5103 5246 
513 0 4 7 5005 5234 5254 
282 1 5 5 3076 5224 5264 
287 1 5 1 3149 5264 5274 
327 0 0 6 3739 5284 5294 
511 0 4 0 4998 5133 5296 
54 0 2 7 1121 5244 5304 
514 0 4 5 5010 5254 5314 
291 1 5 4 3193 5304 5314 
234 1 7 1 2355 5274 5324 
238 1 7 6 2422 5314 5344 
132 0 6 3 1145 5334 5344 
515 0 4 0 5015 5294 5346 
516 0 4 2 5020 5344 5355 
295 1 5 5 3242 5324 5364 
517 0 4 1 5023 5365 5375 
328 0 0 0 3746 5375 5396 
277 1 1 2 3016 5355 5405 
56 0 2 3 1130 5405 5415 
133 0 6 1 1149 5385 5425 
55 0 2 2 1126 5395 5455 
243 1 7 5 2496 5445 5455 
331 0 0 7 3757 5455 5465 
329 0 0 1 3749 5425 5475 
332 0 0 6 3762 5465 5476 
519 0 4 3 5033 5476 5486 
518 0 4 2 5028 5415 5505 
330 0 0 1 3752 5435 5525 
333 0 0 6 3766 5496 5526 
520 0 4 5 5036 5516 5526 
521 0 4 4 5041 5526 5536 
281 1 1 1 3065 5486 5575 
251 1 3 6 2640 5536 5576 
57 0 2 2 1134 5566 5576 
522 0 4 4 5046 5556 5586 
290 1 1 7 3179 5576 5586 
334 0 0 0 3770 5586 5596 
58 0 2 3 1138 5606 5617 
285 1 1 1 3106 5506 5625 
256 1 3 6 2714 5546 5626 
246 1 7 2 2558 5617 5627 
293 1 1 1 3239 5637 5675 
335 0 0 6 3773 5596 5676 
336 0 0 2 3776 5627 5677 
261 1 3 4 2794 5667 5677 
302 1 1 7 3382 5697 5707 
308 1 1 3 3461 5707 5717 
298 1 1 1 3317 5677 5725 
337 0 0 6 3781 5647 5726 
523 0 4 0 5050 5727 5737 
59 0 2 3 1142 5717 5767 
249 1 7 7 2607 5758 5768 
299 1 5 1 3321 5687 5775 
338 0 0 6 3786 5657 5776 
303 1 5 2 3393 5768 5778 
315 1 1 7 3564 5778 5818 
310 1 1 1 3507 5737 5825 
524 0 4 6 5055 5747 5826 
340 0 0 2 3792 5798 5828 
266 1 3 7 2861 5828 5868 
339 0 0 1 3789 5788 5875 
134 0 6 6 1153 5838 5876 
525 0 4 2 5062 5848 5878 
526 0 4 7 5066 5858 5918 
341 0 0 1 3798 5808 5926 
312 1 5 2 3519 5868 5928 
252 1 7 4 2652 5919 5929 
342 0 0 7 3801 5878 5968 
528 0 4 5 5073 5959 5969 
306 1 5 1 3450 5818 5976 
136 0 6 2 1160 5909 5978 
344 0 0 4 3811 5929 5979 
346 0 0 3 3819 5969 5979 
529 0 4 6 5077 5979 5989 
343 0 0 7 3806 5898 6018 
257 1 7 5 2717 6009 6019 
135 0 6 1 1157 5888 6026 
319 1 5 2 3642 5999 6028 
316 1 5 4 3569 5989 6029 
347 0 0 3 3823 6029 6039 
269 1 3 6 2902 6049 6060 
527 0 4 7 5070 5939 6068 
345 0 0 1 3814 5949 6076 
320 1 1 4 3642 6019 6079 
137 0 6 6 1165 6080 6110 
367 1 1 3 3830 6100 6110 
348 0 0 7 3827 6060 6118 
325 1 1 1 3719 6039 6126 
368 1 5 5 3851 6150 6160 
362 1 1 7 3766 6090 6168 
373 1 5 2 3907 6160 6170 
530 0 4 1 5082 6070 6176 
533 0 4 6 5096 6190 6201 
534 0 4 3 5099 6201 6211 
531 0 4 7 5087 6110 6218 
349 0 0 2 3831 6170 6220 
365 1 5 1 3796 6130 6226 
536 0 4 4 5108 6241 6251 
406 1 5 3 3962 6211 6261 
324 1 5 7 3716 6120 6268 
537 0 4 5 5112 6261 6271 
532 0 4 1 5091 6180 6276 
138 0 6 3 1170 6231 6311 
370 1 1 7 3870 6140 6318 
535 0 4 1 5104 6221 6326 
374 1 1 3 3932 6251 6361 
635 1 7 3 6416 0 0 
640 1 7 2 6462 0 0 
644 1 7 5 6536 0 0 
647 1 7 4 6582 0 0 
651 1 7 0 6644 0 0 
654 1 7 5 6702 0 0 
659 1 7 5 6754 0 0 
662 1 7 1 6794 0 0 
665 1 3 4 6830 0 0 
666 1 7 7 6852 0 0 
668 1 3 7 6880 0 0 
670 1 7 2 6907 0 0 
673 1 3 3 6943 0 0 
674 1 7 2 6959 0 0 
677 1 7 5 7015 0 0 
678 1 3 6 7026 0 0 
681 1 3 0 7076 0 0 
719 1 7 1 7086 0 0 
722 1 3 2 7128 0 0 
723 1 7 5 7135 0 0 
758 1 3 5 7179 0 0 
709 0 6 0 7191 0 0 
710 0 6 7 7194 0 0 
711 0 6 3 7198 0 0 
759 1 7 3 7201 0 0 
712 0 6 4 7201 0 0 
713 0 6 2 7204 0 0 
714 0 6 7 7207 0 0 
715 0 6 7 7210 0 0 
716 0 6 2 7216 0 0 
717 0 6 5 7219 0 0 
718 0 6 5 7222 0 0 
762 1 7 2 7242 0 0 
746 0 2 2 7249 0 0 
747 0 2 3 7252 0 0 
748 0 2 0 7255 0 0 
763 1 3 5 7256 0 0 
749 0 2 1 7258 0 0 
750 0 2 0 7262 0 0 
751 0 2 6 7265 0 0 
752 0 2 1 7270 0 0 
753 0 2 1 7275 0 0 
754 0 2 1 7279 0 0 
755 0 2 1 7284 0 0 
766 1 3 5 7300 0 0 
767 1 7 2 7319 0 0 
770 1 3 0 7365 0 0 
805 1 7 3 7393 0 0 
807 1 3 5 7420 0 0 
809 1 7 0 7444 0 0 
810 1 3 4 7468 0 0 
812 1 7 6 7500 0 0 
814 1 3 5 7510 0 0 
816 1 7 3 7557 0 0 
817 1 3 2 7559 0 0 
820 1 3 0 7608 0 0 
822 1 1 3 7618 0 0 
823 1 7 7 7633 0 0 
824 1 1 0 7666 0 0 
826 1 3 0 7682 0 0 
827 1 7 4 7707 0 0 
828 1 1 7 7707 0 0 
830 1 3 1 7733 0 0 
831 1 1 1 7768 0 0 
832 1 7 2 7769 0 0 
833 1 5 3 7787 0 0 
834 1 3 4 7806 0 0 
835 1 1 3 7836 0 0 
836 1 7 7 7844 0 0 
837 1 5 0 7844 0 0 
838 1 3 2 7868 0 0 
839 1 7 1 7890 0 0 
840 1 5 1 7893 0 0 
841 1 1 5 7914 0 0 
842 1 3 3 7918 0 0 
843 1 7 4 7948 0 0 
844 1 3 5 7966 0 0 
845 1 5 7 7973 0 0 
846 1 1 4 7984 0 0 
847 1 3 3 8018 0 0 
848 1 7 3 8024 0 0 
849 1 5 1 8033 0 0 
850 1 1 5 8034 0 0 
851 1 7 4 8072 0 0 
852 1 5 5 8087 0 0 
853 1 3 7 8095 0 0 
854 1 1 4 8108 0 0 
855 1 7 2 8119 0 0 
856 1 3 5 8150 0 0 
857 1 5 6 8162 0 0 
858 1 1 1 8168 0 0 
859 1 7 3 8177 0 0 
860 1 3 0 8221 0 0 
861 1 1 5 8230 0 0 
862 1 5 3 8233 0 0 
863 1 7 3 8247 0 0 
864 1 3 6 8265 0 0 
865 1 1 7 8270 0 0 
866 1 5 1 8293 0 0 
867 1 7 0 8308 0 0 
868 1 3 0 8318 0 0 
869 1 1 6 8326 0 0 
870 1 5 0 8342 0 0 
871 1 7 1 8356 0 0 
872 1 1 7 8375 0 0 
873 1 7 6 8397 0 0 
874 1 3 1 8398 0 0 
875 1 5 7 8405 0 0 
876 1 7 4 8451 0 0 
877 1 1 6 8453 0 0 
878 1 5 4 8460 0 0 
879 1 3 7 8460 0 0 
880 1 1 6 8497 0 0 
881 1 7 6 8506 0 0 
882 1 5 1 8516 0 0 
883 1 3 5 8525 0 0 
884 1 7 6 8546 0 0 
885 1 1 5 8560 0 0 
886 1 5 3 8583 0 0 
887 1 3 4 8604 0 0 
888 1 1 5 8609 0 0 
889 1 7 4 8622 0 0 
890 1 1 3 8658 0 0 
891 1 5 0 8661 0 0 
892 1 7 0 8680 0 0 
893 1 3 0 8680 0 0 
894 1 1 0 8715 0 0 
895 1 5 7 8722 0 0 
896 1 7 5 8730 0 0 
897 1 3 5 8751 0 0 
898 1 1 4 8768 0 0 
899 1 5 0 8782 0 0 
900 1 7 6 8787 0 0 
901 1 3 1 8824 0 0 
902 1 7 4 8827 0 0 
903 1 1 4 8838 0 0 
904 1 5 7 8854 0 0 
905 1 3 0 8873 0 0 
937 1 7 2 8883 0 0 
906 0 4 1 8879 8879 8889 
907 0 4 4 8883 8889 8899 
938 1 5 3 8909 0 0 
939 1 1 1 8915 0 0 
410 1 5 6 4008 8909 8919 
60 0 2 2 1147 8919 8929 
940 1 3 7 8932 0 0 
941 1 7 6 8939 0 0 
414 1 5 3 4066 8929 8940 
350 0 0 4 3835 8899 8949 
908 0 4 7 8887 8950 8960 
942 1 3 7 8975 0 0 
61 0 2 5 1152 8970 8980 
944 1 1 6 8982 0 0 
140 0 6 0 1178 8980 8990 
259 1 7 4 2763 8940 8999 
139 0 6 7 1173 8960 9010 
910 0 4 6 8896 9010 9020 
62 0 2 5 1157 9000 9030 
946 1 3 4 9034 0 0 
909 0 4 0 8892 8990 9040 
448 1 5 2 4134 9030 9040 
947 1 1 1 9052 0 0 
264 1 7 7 2827 9020 9060 
452 1 5 6 4175 9040 9070 
455 1 5 5 4221 9050 9080 
408 1 1 2 3982 9060 9090 
63 0 2 4 1160 9081 9091 
412 1 1 7 4040 9091 9110 
268 1 7 0 2892 9111 9121 
273 1 3 5 2952 9070 9130 
911 0 4 2 8900 9101 9140 
276 1 3 3 3007 9141 9151 
351 0 0 7 3840 9121 9160 
64 0 2 5 1165 9151 9180 
912 0 4 2 8905 9131 9190 
460 1 5 6 4286 9181 9191 
957 1 7 0 9204 0 0 
446 1 1 7 4091 9171 9210 
913 0 4 5 8909 9161 9230 
467 1 5 3 4397 9222 9232 
280 1 3 6 3049 9191 9241 
271 1 7 4 2936 9232 9242 
352 0 0 2 3844 9242 9252 
353 0 0 0 3847 9262 9272 
463 1 5 5 4342 9201 9280 
914 0 4 6 8912 9212 9292 
141 0 6 4 1183 9252 9292 
284 1 3 1 3106 9282 9292 
964 1 1 6 9294 0 0 
472 1 5 0 4474 9302 9322 
288 1 3 7 3159 9312 9322 
915 0 4 6 8915 9322 9346 
142 0 6 4 1186 9272 9346 
476 1 5 3 4553 9336 9349 
354 0 0 5 3852 9359 9369 
449 1 1 0 4138 9349 9372 
916 0 4 2 8920 9369 9379 
969 1 3 4 9395 0 0 
275 1 7 4 2995 9292 9396 
970 1 7 6 9401 0 0 
355 0 0 3 3856 9400 9410 
456 1 1 0 4236 9410 9422 
356 0 0 2 3861 9420 9430 
458 1 1 1 4279 9430 9440 
973 1 3 4 9444 0 0 
65 0 2 4 1168 9379 9446 
462 1 1 7 4338 9450 9460 
279 1 7 0 3041 9440 9472 
976 1 3 2 9484 0 0 
453 1 1 4 4187 9389 9496 
466 1 1 1 4383 9490 9500 
357 0 0 7 3864 9470 9510 
358 0 0 6 3867 9500 9510 
917 0 4 0 8924 9460 9522 
292 1 3 2 3239 9520 9531 
283 1 7 1 3084 9510 9550 
143 0 6 7 1191 9480 9560 
66 0 2 5 1174 9551 9561 
982 1 3 6 9567 0 0 
67 0 2 4 1178 9561 9571 
983 1 5 5 9571 0 0 
359 0 0 0 3870 9541 9572 
360 0 0 2 3875 9571 9581 
286 1 7 1 3132 9531 9601 
918 0 4 5 8929 9581 9611 
68 0 2 4 1181 9591 9621 
470 1 1 6 4446 9631 9641 
987 1 5 5 9648 0 0 
988 1 7 6 9654 0 0 
296 1 3 5 3302 9611 9661 
144 0 6 4 1196 9601 9671 
376 0 2 1 3956 9672 9682 
990 1 3 2 9689 0 0 
475 1 1 7 4521 9692 9702 
71 0 2 5 1193 9662 9711 
920 0 4 2 8936 9702 9712 
991 1 7 1 9716 0 0 
992 1 5 4 9719 0 0 
145 0 6 4 1199 9621 9721 
921 0 4 3 8939 9712 9722 
919 0 4 1 8932 9682 9732 
994 1 3 2 9733 0 0 
922 0 4 0 8943 9732 9742 
361 0 0 5 3879 9722 9761 
69 0 2 4 1185 9641 9771 
995 1 7 0 9781 0 0 
300 1 3 6 3346 9772 9783 
479 1 1 0 4584 9752 9792 
997 1 5 0 9798 0 0 
415 0 6 5 4076 9742 9811 
70 0 2 4 1190 9651 9821 
923 0 4 6 8946 9793 9833 
999 1 5 2 9841 0 0 
377 0 2 0 3961 9762 9843 
1000 1 3 7 9844 0 0 
289 1 7 5 3176 9783 9861 
925 0 4 7 8954 9853 9863 
294 1 7 4 3239 9823 9871 
487 1 1 6 4691 9843 9883 
483 1 1 0 4630 9813 9893 
924 0 4 5 8951 9803 9911 
1004 1 5 6 9911 0 0 
304 1 3 4 3400 9883 9921 
771 0 0 3 7373 9914 9924 
926 0 4 6 8959 9863 9933 
378 0 2 0 3965 9833 9943 
927 0 4 5 8963 9903 9961 
772 0 0 1 7376 9954 9964 
297 1 7 6 3307 9893 9983 
490 1 1 0 4740 9873 9993 
499 1 1 2 4870 9994 10004 
1011 1 3 3 10006 0 0 
1012 1 5 7 10010 0 0 
494 1 1 5 4815 9934 10012 
775 0 0 4 7388 10014 10024 
307 1 3 6 3454 9944 10033 
380 0 2 3 3974 10024 10034 
482 1 5 0 4624 9924 10043 
1014 1 3 0 10051 0 0 
776 0 0 2 7391 10044 10055 
1015 1 7 4 10056 0 0 
774 0 0 5 7383 9974 10062 
929 0 4 4 8972 10034 10074 
379 0 2 6 3969 10004 10083 
773 0 0 0 7380 9964 10093 
1017 1 3 6 10101 0 0 
301 1 7 5 3372 10075 10112 
780 0 0 2 7406 10105 10115 
777 0 0 4 7394 10055 10125 
1019 1 5 4 10125 0 0 
305 1 7 1 3440 10115 10125 
778 0 0 6 7397 10085 10133 
928 0 4 0 8968 9984 10143 
930 0 4 7 8977 10145 10155 
781 0 0 5 7409 10125 10162 
486 1 5 4 4686 10065 10175 
311 1 3 6 3511 10135 10183 
931 0 4 7 8982 10176 10205 
491 1 5 5 4752 10155 10212 
782 0 0 3 7414 10206 10216 
779 0 0 4 7401 10095 10225 
932 0 4 0 8987 10216 10226 
1061 1 7 2 10233 0 0 
381 0 2 6 3977 10196 10233 
1062 1 3 0 10255 0 0 
495 1 5 7 4824 10186 10256 
416 0 6 5 4079 10246 10262 
540 1 1 3 5012 10236 10266 
783 0 0 2 7419 10256 10266 
314 1 3 4 3551 10165 10275 
1064 1 7 3 10292 0 0 
503 1 1 7 4937 10226 10306 
502 1 5 6 4933 10296 10306 
417 0 6 5 4082 10276 10312 
1066 1 3 1 10315 0 0 
498 1 5 2 4866 10266 10316 
418 0 6 3 4085 10306 10316 
1069 1 7 4 10354 0 0 
419 0 6 7 4090 10326 10356 
934 0 4 4 8996 10347 10357 
382 0 2 2 3981 10286 10366 
1070 1 1 3 10375 0 0 
1071 1 3 7 10393 0 0 
784 0 0 7 7423 10337 10406 
538 1 5 4 4991 10367 10407 
933 0 4 2 8992 10316 10416 
935 0 4 6 9001 10407 10417 
1074 1 1 0 10436 0 0 
936 0 4 5 9005 10427 10437 
309 1 7 7 3500 10377 10456 
1076 1 7 3 10463 0 0 
785 0 0 2 7428 10357 10466 
786 0 0 6 7432 10417 10467 
1078 1 1 3 10512 0 0 
542 1 5 2 5036 10387 10516 
1079 1 7 1 10522 0 0 
1080 1 5 1 10522 0 0 
1081 1 3 0 10532 0 0 
1082 1 1 0 10566 0 0 
318 1 3 2 3614 10397 10569 
1083 1 7 7 10582 0 0 
1084 1 5 6 10586 0 0 
1085 1 3 4 10589 0 0 
1086 1 1 3 10611 0 0 
787 0 0 2 7436 10437 10619 
1087 1 7 2 10627 0 0 
1088 1 3 2 10648 0 0 
1089 1 5 1 10659 0 0 
1090 1 1 2 10667 0 0 
1091 1 7 1 10707 0 0 
1092 1 5 2 10713 0 0 
1093 1 3 6 10715 0 0 
1094 1 1 0 10733 0 0 
1095 1 5 3 10754 0 0 
1096 1 3 0 10758 0 0 
1097 1 7 4 10775 0 0 
1098 1 3 2 10801 0 0 
1099 1 1 5 10807 0 0 
1100 1 5 7 10827 0 0 
1101 1 7 1 10849 0 0 
1102 1 3 6 10870 0 0 
1103 1 5 7 10881 0 0 
1104 1 1 6 10885 0 0 
1105 1 3 2 10922 0 0 
1106 1 7 1 10928 0 0 
1145 1 5 3 10949 0 0 
1146 1 1 0 10959 0 0 
1119 0 6 5 10982 0 0 
1147 1 7 0 10985 0 0 
1148 1 3 0 10985 0 0 
1120 0 6 0 10987 0 0 
1121 0 6 6 10991 0 0 
1122 0 6 6 10996 0 0 
1123 0 6 3 11000 0 0 
1124 0 6 4 11004 0 0 
1125 0 6 2 11008 0 0 
1126 0 6 5 11011 0 0 
1127 0 6 7 11015 0 0 
1149 1 5 3 11016 0 0 
1128 0 6 4 11020 0 0 
1129 0 6 0 11023 0 0 
1130 0 6 4 11027 0 0 
1150 1 1 2 11029 0 0 
1131 0 6 2 11030 0 0 
1132 0 6 2 11033 0 0 
1133 0 6 5 11037 0 0 
1151 1 7 4 11040 0 0 
1134 0 6 6 11041 0 0 
1152 1 3 5 11042 0 0 
1135 0 6 0 11046 0 0 
1136 0 6 5 11049 0 0 
1137 0 6 7 11053 0 0 
1138 0 6 0 11058 0 0 
1139 0 6 1 11061 0 0 
1140 0 6 6 11067 0 0 
1141 0 6 3 11071 0 0 
1142 0 6 4 11076 0 0 
1143 0 6 2 11081 0 0 
1144 0 6 0 11086 0 0 
