1 0 0 3 1265 1266 1277 
37 0 1 6 1265 1277 1287 
81 0 4 6 1295 0 0 
38 1 2 1 1265 1287 1298 
120 1 6 3 1298 0 0 
82 0 4 7 1298 0 0 
83 0 4 4 1301 0 0 
121 1 6 2 1303 0 0 
84 0 4 4 1304 0 0 
47 1 2 4 1305 0 0 
122 1 6 2 1307 0 0 
10 0 0 2 1307 0 0 
85 0 4 3 1307 0 0 
72 1 3 2 1265 1298 1308 
48 1 2 2 1308 0 0 
123 1 6 3 1310 0 0 
86 0 4 1 1312 0 0 
49 1 2 5 1312 0 0 
124 1 6 5 1313 0 0 
50 1 2 6 1315 0 0 
87 0 4 1 1317 0 0 
12 0 0 4 1317 0 0 
125 1 6 0 1318 0 0 
51 1 2 7 1319 0 0 
126 1 6 1 1321 0 0 
88 0 4 5 1322 0 0 
13 0 0 7 1322 0 0 
52 1 2 1 1323 0 0 
89 0 4 2 1326 0 0 
53 1 2 2 1326 0 0 
14 0 0 3 1326 0 0 
127 1 6 0 1327 0 0 
128 1 6 7 1330 0 0 
90 0 4 6 1331 0 0 
15 0 0 4 1332 0 0 
91 0 4 4 1334 0 0 
16 0 0 2 1335 0 0 
129 1 6 6 1335 0 0 
55 1 2 1 1336 0 0 
130 1 6 4 1338 0 0 
17 0 0 1 1339 0 0 
43 1 2 4 1291 1329 1339 
56 1 2 2 1341 0 0 
131 1 6 4 1343 0 0 
93 0 4 3 1343 0 0 
18 0 0 7 1344 0 0 
57 1 2 3 1345 0 0 
19 0 0 3 1347 0 0 
132 1 6 0 1347 0 0 
94 0 4 5 1348 0 0 
58 1 2 3 1349 0 0 
20 0 0 2 1351 0 0 
95 0 4 3 1352 0 0 
146 0 1 3 1305 1319 1353 
59 1 2 2 1355 0 0 
21 0 0 7 1355 0 0 
134 1 6 0 1356 0 0 
96 0 4 0 1356 0 0 
22 0 0 3 1358 0 0 
113 1 6 7 1271 1349 1359 
135 1 6 5 1359 0 0 
60 1 2 6 1360 0 0 
97 0 4 0 1360 0 0 
61 1 2 1 1364 0 0 
136 1 6 5 1364 0 0 
98 0 4 4 1364 0 0 
24 0 0 6 1365 0 0 
62 1 2 2 1367 0 0 
137 1 6 4 1367 0 0 
99 0 4 4 1367 0 0 
4 0 0 5 1279 1360 1370 
25 0 0 1 1370 0 0 
100 0 4 2 1370 0 0 
63 1 2 5 1372 0 0 
138 1 6 6 1372 0 0 
75 0 4 1 1275 1339 1373 
101 0 4 3 1374 0 0 
26 0 0 4 1375 0 0 
64 1 2 6 1377 0 0 
139 1 6 3 1377 0 0 
102 0 4 2 1378 0 0 
65 1 2 7 1380 0 0 
140 1 6 5 1380 0 0 
27 0 0 5 1380 0 0 
8 0 0 2 1297 1309 1383 
28 0 0 6 1383 0 0 
103 0 4 0 1384 0 0 
141 1 6 2 1384 0 0 
67 1 2 4 1387 0 0 
29 0 0 2 1388 0 0 
104 0 4 4 1389 0 0 
142 1 6 6 1389 0 0 
68 1 2 0 1391 0 0 
30 0 0 4 1394 0 0 
69 1 2 5 1394 0 0 
143 1 6 1 1394 0 0 
106 0 4 5 1396 0 0 
144 1 6 7 1398 0 0 
31 0 0 3 1399 0 0 
70 1 2 7 1399 0 0 
107 0 4 5 1401 0 0 
71 1 2 6 1402 0 0 
108 0 4 4 1404 0 0 
33 0 0 0 1408 0 0 
109 0 4 0 1408 0 0 
34 0 0 5 1411 0 0 
7 0 0 0 1292 1401 1411 
110 0 4 3 1412 0 0 
35 0 0 7 1414 0 0 
36 0 0 4 1419 0 0 
153 0 1 4 1391 1411 1421 
39 1 2 3 1269 1380 1428 
40 1 2 5 1277 1421 1445 
79 0 4 1 1289 1390 1448 
150 0 1 2 1351 1370 1458 
155 0 5 0 1424 1473 1486 
44 1 2 4 1294 1453 1496 
149 1 3 3 1337 1431 1503 
157 0 1 6 1469 1494 1504 
41 1 2 5 1280 1504 1520 
92 0 4 1 1339 1442 1523 
116 1 6 0 1282 1534 1561 
154 1 3 4 1397 1514 1571 
73 0 4 3 1266 1463 1578 
45 1 2 6 1297 1556 1579 
78 0 4 5 1285 1566 1595 
115 1 6 1 1278 1483 1598 
165 0 1 7 1572 1597 1607 
23 0 0 0 1362 1546 1636 
148 0 5 4 1328 1576 1647 
111 0 5 3 1266 1524 1653 
74 0 4 6 1271 1607 1654 
151 0 5 5 1373 1617 1670 
164 0 5 1 1556 1669 1679 
166 1 7 0 1600 1689 1712 
112 1 6 4 1266 1627 1722 
114 1 6 3 1274 1586 1728 
80 0 4 6 1292 1659 1729 
133 1 6 5 1352 1679 1745 
119 1 6 1 1293 1720 1754 
176 0 5 2 1727 1762 1772 
172 0 5 0 1676 1710 1787 
117 1 6 4 1286 1772 1797 
162 1 7 3 1525 1637 1803 
156 1 7 6 1425 1730 1804 
177 0 1 2 1736 1793 1847 
167 1 3 0 1600 1742 1862 
145 1 7 4 1266 1823 1872 
9 0 0 3 1302 1649 1878 
170 1 7 6 1644 1782 1880 
147 1 7 1 1319 1906 1916 
182 0 1 2 1805 1844 1922 
175 1 3 0 1706 1803 1937 
11 0 0 4 1312 1834 1947 
42 1 2 3 1286 1700 1953 
174 1 7 6 1700 1864 1955 
189 1 3 5 1923 1958 1969 
161 0 1 1 1513 1917 1991 
185 1 7 2 1860 1937 1997 
190 1 7 0 1925 1969 2012 
186 0 1 4 1862 1886 2022 
76 0 4 3 1278 1752 2028 
2 0 0 6 1271 1876 2030 
173 0 1 1 1682 1980 2066 
194 0 1 2 1981 2031 2072 
195 1 3 0 1998 2041 2087 
46 1 2 4 1300 1927 2097 
77 0 4 3 1282 1813 2103 
168 0 1 6 1614 1948 2105 
158 1 3 1 1475 2083 2141 
196 0 1 2 2033 2073 2147 
197 0 5 0 2034 2093 2162 
163 1 3 4 1534 1990 2172 
105 0 4 3 1392 1854 2178 
192 0 5 6 1971 2000 2180 
202 1 3 7 2115 2176 2186 
203 1 7 5 2122 2196 2206 
184 0 5 1 1855 2134 2216 
204 0 1 2 2125 2166 2222 
169 0 5 4 1635 2051 2247 
160 0 5 3 1493 1896 2253 
3 0 0 6 1276 2021 2255 
206 1 3 0 2170 2249 2259 
205 0 5 7 2140 2217 2261 
188 0 5 1 1900 2186 2291 
212 0 1 5 2267 2312 2322 
118 1 6 4 1289 2103 2322 
183 1 7 3 1818 2010 2329 
5 0 0 6 1282 2063 2330 
193 1 7 0 1975 2301 2334 
210 1 7 7 2215 2269 2336 
201 0 5 1 2078 2259 2367 
216 0 1 5 2309 2363 2397 
152 1 7 4 1379 2144 2397 
187 1 3 3 1869 2124 2404 
6 0 0 6 1287 2114 2405 
198 1 7 0 2049 2352 2409 
215 1 3 7 2292 2332 2411 
221 0 5 2 2396 2405 2415 
159 1 7 1 1480 2415 2442 
207 1 7 4 2173 2227 2472 
211 1 3 3 2218 2291 2479 
32 0 0 6 1403 2155 2480 
214 1 7 0 2288 2394 2484 
225 0 1 7 2437 2458 2486 
223 1 3 2 2409 2426 2490 
179 1 7 1 1776 2510 2520 
200 0 1 4 2076 2239 2548 
180 0 5 3 1802 2342 2554 
199 1 3 6 2050 2207 2555 
228 0 1 7 2510 2522 2561 
191 0 1 1 1936 2543 2596 
233 0 1 0 2576 2595 2605 
208 0 1 4 2191 2280 2623 
235 0 5 5 2593 2615 2625 
224 0 5 3 2437 2468 2629 
213 0 5 6 2284 2384 2630 
230 1 3 7 2523 2658 2668 
209 0 5 1 2215 2584 2671 
54 1 2 4 1331 2322 2698 
239 0 5 5 2663 2689 2700 
231 1 7 3 2538 2563 2704 
218 0 5 6 2340 2436 2705 
232 1 3 7 2574 2679 2743 
234 1 7 1 2586 2625 2746 
171 1 3 4 1647 2373 2773 
243 1 7 5 2726 2742 2775 
238 1 7 6 2652 2668 2781 
244 1 3 2 2773 2773 2783 
236 1 3 7 2623 2700 2818 
237 0 1 1 2629 2636 2821 
248 0 1 0 2835 2835 2845 
217 1 7 4 2333 2446 2848 
245 0 1 5 2777 2785 2851 
246 1 7 2 2788 2796 2859 
251 0 5 6 2872 2873 2883 
240 1 3 7 2703 2721 2893 
250 1 3 1 2847 2858 2896 
222 1 7 4 2396 2478 2923 
247 0 5 5 2801 2807 2926 
254 1 3 2 2903 2907 2934 
256 0 5 6 2946 2952 2962 
229 0 5 7 2517 2732 2968 
258 1 3 0 2975 2975 2985 
227 1 7 4 2467 2489 2998 
253 0 1 5 2894 2896 3001 
260 0 1 6 2996 3005 3037 
242 0 5 7 2721 2754 3043 
263 0 1 2 3045 3046 3056 
219 0 1 4 2361 2500 3073 
257 1 7 5 2947 2962 3076 
265 0 1 3 3085 3085 3095 
249 1 7 7 2837 2846 3118 
267 1 3 1 3115 3115 3125 
262 1 3 2 3045 3057 3131 
268 1 7 0 3123 3126 3136 
269 0 5 6 3133 3137 3147 
66 1 2 4 1384 2532 3148 
264 1 7 7 3058 3068 3193 
273 0 5 5 3183 3190 3200 
272 1 3 2 3174 3179 3206 
274 0 1 3 3196 3201 3211 
270 0 1 0 3140 3149 3211 
178 1 3 4 1749 2553 3223 
266 0 5 7 3092 3096 3268 
277 1 3 2 3247 3250 3281 
276 0 5 3 3238 3239 3286 
279 1 7 0 3271 3273 3287 
280 0 5 6 3280 3284 3294 
181 1 3 4 1803 2574 3298 
281 1 3 1 3296 3297 3307 
282 0 1 5 3307 3308 3318 
278 0 1 2 3254 3261 3356 
220 1 3 4 2368 2605 3373 
283 1 7 1 3314 3319 3382 
289 1 7 5 3406 3408 3418 
288 0 5 7 3396 3397 3423 
226 1 3 4 2449 2646 3449 
284 0 5 1 3338 3348 3457 
292 1 7 2 3467 3467 3478 
290 1 3 7 3411 3419 3498 
295 0 5 5 3476 3499 3509 
241 0 1 4 2707 2711 3524 
286 1 7 1 3362 3363 3532 
297 1 7 6 3530 3537 3547 
294 0 1 2 3473 3479 3553 
296 1 3 5 3526 3526 3584 
252 1 7 4 2882 2884 3599 
287 0 1 1 3380 3381 3607 
302 0 1 7 3606 3607 3617 
300 1 3 6 3568 3571 3622 
303 1 3 2 3622 3622 3632 
301 1 7 5 3595 3596 3659 
255 0 1 4 2941 2941 3674 
293 1 3 1 3470 3489 3682 
308 0 1 3 3685 3690 3700 
307 0 5 6 3680 3700 3711 
309 1 7 7 3723 3723 3733 
259 1 7 4 2993 2994 3749 
298 0 1 1 3541 3548 3757 
312 1 3 2 3748 3757 3767 
311 0 5 6 3737 3746 3786 
315 0 1 7 3788 3797 3808 
261 0 5 4 3025 3026 3824 
299 0 5 1 3554 3560 3832 
317 1 7 2 3827 3828 3842 
271 1 7 4 3167 3167 3899 
305 1 7 1 3663 3664 3908 
322 0 5 0 3898 3899 3909 
318 0 5 2 3840 3841 3917 
324 0 5 7 3941 3959 3969 
275 1 7 4 3226 3226 3974 
326 1 7 3 3952 3970 3980 
306 1 3 1 3679 3679 3983 
323 0 1 0 3937 3938 3984 
319 0 1 2 3863 3863 3992 
327 1 3 7 3994 3994 4044 
291 0 1 4 3425 3430 4049 
330 0 5 3 4021 4032 4056 
310 0 1 1 3731 3734 4058 
329 0 1 2 4014 4022 4067 
332 0 1 5 4081 4084 4094 
304 0 5 4 3626 3633 4124 
333 0 5 3 4081 4094 4131 
313 1 7 1 3773 3774 4133 
335 0 1 5 4127 4128 4169 
338 1 7 6 4162 4163 4173 
314 0 5 4 3777 3785 4199 
334 1 7 3 4089 4105 4206 
321 1 7 1 3885 3886 4208 
337 1 3 5 4132 4139 4244 
341 0 5 6 4188 4205 4248 
343 1 3 7 4247 4248 4258 
316 1 3 4 3798 3808 4274 
345 0 1 3 4256 4259 4281 
325 1 3 1 3947 3949 4283 
346 1 7 2 4261 4280 4290 
339 0 1 5 4183 4183 4319 
342 1 7 6 4210 4216 4323 
347 1 3 0 4316 4317 4327 
320 1 3 4 3871 3875 4349 
336 0 5 1 4129 4149 4358 
350 1 7 2 4339 4350 4365 
340 1 3 5 4186 4195 4394 
344 0 5 6 4254 4269 4398 
328 1 7 4 4010 4011 4424 
351 0 1 1 4378 4379 4433 
357 0 1 3 4451 4458 4468 
353 1 3 5 4390 4390 4470 
348 0 1 6 4328 4329 4473 
358 0 5 2 4460 4469 4479 
331 1 3 4 4072 4073 4500 
352 1 7 1 4384 4400 4508 
371 1 6 0 4536 0 0 
360 0 1 3 4492 4492 4543 
354 0 5 5 4402 4412 4545 
373 1 6 4 4546 0 0 
349 0 5 6 4332 4340 4548 
374 1 6 0 4550 0 0 
375 1 6 3 4554 0 0 
359 1 7 2 4477 4480 4554 
376 1 6 0 4557 0 0 
377 1 6 6 4561 0 0 
378 1 6 3 4566 0 0 
380 1 6 2 4573 0 0 
381 1 6 2 4577 0 0 
382 1 6 0 4580 0 0 
356 1 7 1 4436 4447 4583 
383 1 6 7 4584 0 0 
403 0 5 0 4556 4578 4588 
385 1 6 2 4594 0 0 
386 1 6 5 4597 0 0 
387 1 6 5 4600 0 0 
388 1 6 3 4604 0 0 
389 1 6 0 4607 0 0 
413 0 0 4 4612 0 0 
390 1 6 6 4612 0 0 
414 0 0 2 4615 0 0 
391 1 6 4 4616 0 0 
400 0 1 3 4539 4547 4618 
369 1 6 5 4528 4567 4620 
415 0 0 5 4620 0 0 
355 1 3 6 4436 4437 4623 
393 1 6 0 4624 0 0 
416 0 0 5 4625 0 0 
417 0 0 5 4628 0 0 
394 1 6 1 4628 0 0 
399 1 3 2 4505 4515 4629 
418 0 0 2 4631 0 0 
395 1 6 2 4632 0 0 
419 0 0 3 4636 0 0 
396 1 6 3 4636 0 0 
420 0 0 4 4640 0 0 
397 1 6 2 4641 0 0 
398 1 6 6 4645 0 0 
422 0 0 5 4648 0 0 
423 0 0 5 4651 0 0 
424 0 0 1 4655 0 0 
361 0 5 1 4500 4503 4658 
425 0 0 5 4661 0 0 
426 0 0 7 4664 0 0 
427 0 0 1 4668 0 0 
443 0 5 7 4612 4661 4671 
428 0 0 7 4672 0 0 
429 0 0 0 4675 0 0 
430 0 0 5 4678 0 0 
432 0 0 7 4685 0 0 
433 0 0 1 4688 0 0 
434 0 0 0 4691 0 0 
441 0 1 3 4591 4609 4693 
370 1 6 5 4532 4588 4695 
435 0 0 1 4695 0 0 
365 1 6 6 4513 4619 4698 
436 0 0 6 4699 0 0 
437 0 0 2 4702 0 0 
368 1 6 2 4524 4536 4704 
438 0 0 3 4707 0 0 
439 0 0 6 4711 0 0 
362 1 6 1 4502 4525 4733 
364 1 6 7 4510 4712 4746 
367 1 6 0 4520 4753 4763 
442 1 3 3 4598 4651 4768 
409 0 0 5 4595 4599 4770 
372 1 6 6 4541 4671 4773 
450 1 7 4 4703 4763 4773 
440 1 7 2 4584 4630 4780 
402 1 3 1 4547 4557 4808 
444 1 7 0 4626 4795 4838 
446 1 3 3 4655 4692 4843 
410 0 0 5 4600 4641 4845 
454 0 5 4 4773 4775 4849 
447 0 5 2 4670 4702 4855 
384 1 6 1 4590 4785 4884 
455 1 3 0 4775 4816 4914 
449 1 3 3 4699 4733 4919 
411 0 0 5 4604 4682 4920 
453 1 7 4 4760 4837 4924 
460 0 5 6 4864 4919 4929 
451 0 5 2 4711 4743 4930 
471 1 2 2 4931 0 0 
472 1 2 0 4936 0 0 
366 1 6 7 4516 4930 4940 
473 1 2 7 4940 0 0 
474 1 2 3 4943 0 0 
475 1 2 6 4946 0 0 
476 1 2 1 4950 0 0 
477 1 2 7 4955 0 0 
478 1 2 2 4958 0 0 
445 0 1 1 4641 4806 4959 
479 1 2 3 4963 0 0 
480 1 2 5 4967 0 0 
481 1 2 4 4971 0 0 
483 1 2 0 4981 0 0 
484 1 2 5 4984 0 0 
457 0 5 0 4821 4868 4989 
485 1 2 5 4989 0 0 
363 1 6 3 4505 4878 4994 
486 1 2 7 4994 0 0 
412 0 0 5 4609 4723 4995 
487 1 2 5 4997 0 0 
431 0 0 4 4682 4848 4999 
488 1 2 6 5002 0 0 
379 1 6 6 4569 4981 5005 
392 1 6 2 4621 4826 5005 
489 1 2 7 5006 0 0 
490 1 2 5 5011 0 0 
404 0 0 7 4576 4951 5015 
491 1 2 1 5016 0 0 
492 1 2 4 5021 0 0 
494 1 2 2 5028 0 0 
495 1 2 2 5033 0 0 
459 1 3 1 4853 4909 5034 
496 1 2 5 5039 0 0 
497 1 2 2 5042 0 0 
498 1 2 7 5045 0 0 
499 1 2 4 5049 0 0 
500 1 2 1 5054 0 0 
501 1 2 0 5060 0 0 
462 1 7 0 4887 4940 5064 
456 0 1 5 4812 4858 5070 
458 1 7 2 4827 4888 5080 
448 0 1 7 4682 5012 5090 
401 1 7 6 4540 5084 5094 
504 0 1 1 4933 4961 5109 
508 0 1 3 4992 5106 5116 
505 1 7 0 4935 4991 5139 
464 1 2 5 4905 4971 5145 
405 0 0 2 4581 4899 5155 
468 1 2 7 4920 5064 5165 
407 0 0 6 4588 5095 5169 
506 1 7 1 4977 5033 5184 
529 0 4 6 5206 0 0 
520 0 4 3 5168 5199 5209 
530 0 4 7 5211 0 0 
406 0 0 0 4584 5002 5214 
531 0 4 5 5215 0 0 
519 1 7 4 5159 5209 5219 
532 0 4 5 5219 0 0 
469 1 2 5 4923 5023 5220 
533 0 4 1 5223 0 0 
534 0 4 7 5229 0 0 
452 0 1 2 4739 5054 5230 
535 0 4 7 5233 0 0 
536 0 4 6 5238 0 0 
537 0 4 3 5241 0 0 
461 0 1 6 4877 5178 5244 
538 0 4 1 5246 0 0 
539 0 4 4 5250 0 0 
541 0 4 6 5258 0 0 
502 1 3 1 4912 5126 5259 
542 0 4 4 5264 0 0 
543 0 4 5 5267 0 0 
518 0 1 7 5156 5261 5272 
544 0 4 6 5272 0 0 
545 0 4 2 5276 0 0 
546 0 4 2 5281 0 0 
522 0 4 3 5175 5250 5284 
547 0 4 4 5284 0 0 
548 0 4 0 5288 0 0 
408 0 0 0 4591 5044 5289 
512 0 1 4 5057 5220 5294 
550 0 4 6 5296 0 0 
507 1 3 5 4977 5074 5296 
551 0 4 3 5300 0 0 
552 0 4 7 5303 0 0 
463 1 2 2 4902 5147 5305 
466 1 2 6 4911 5230 5319 
515 0 1 1 5102 5137 5334 
555 0 1 7 5213 5303 5347 
482 1 2 0 4976 5116 5364 
493 1 2 4 5025 5272 5369 
516 1 3 5 5106 5157 5371 
465 1 2 2 4908 5188 5380 
558 1 3 6 5258 5282 5395 
521 0 4 1 5171 5397 5409 
559 0 1 7 5291 5334 5422 
566 1 7 3 5381 5417 5427 
503 0 5 0 4924 5167 5439 
511 1 3 4 5042 5313 5444 
523 0 4 5 5178 5292 5446 
554 1 3 2 5179 5240 5455 
527 0 4 6 5198 5344 5470 
563 0 5 7 5346 5407 5497 
517 0 5 1 5113 5490 5500 
526 0 4 0 5193 5366 5514 
524 0 4 4 5184 5480 5519 
540 0 4 5 5254 5323 5521 
528 0 4 2 5203 5439 5531 
509 0 5 6 4999 5376 5545 
510 1 7 1 5034 5532 5575 
560 0 5 0 5298 5449 5589 
525 0 4 4 5189 5511 5594 
561 1 7 5 5306 5355 5596 
553 0 5 2 5172 5521 5606 
421 0 0 6 4645 5387 5620 
569 0 5 7 5420 5625 5636 
557 1 7 1 5233 5604 5650 
564 0 1 0 5347 5460 5664 
549 0 4 4 5292 5553 5669 
573 0 5 5 5477 5563 5671 
514 1 7 2 5095 5636 5681 
567 0 1 6 5405 5429 5695 
579 1 3 1 5599 5647 5726 
570 1 7 7 5454 5729 5739 
574 1 7 0 5523 5573 5740 
577 1 3 4 5555 5584 5745 
575 0 5 5 5546 5594 5746 
582 1 7 2 5624 5667 5756 
467 1 2 6 4914 5470 5770 
584 0 5 1 5661 5688 5801 
583 1 3 7 5645 5751 5814 
588 0 5 4 5707 5761 5820 
578 1 7 5 5580 5698 5821 
562 1 3 2 5308 5678 5831 
470 1 2 6 4928 5501 5845 
592 0 5 1 5761 5823 5876 
597 0 1 4 5840 5844 5895 
571 0 1 5 5474 5709 5896 
581 0 5 2 5618 5719 5906 
598 0 5 7 5873 5907 5917 
565 1 3 6 5352 5543 5920 
599 1 7 0 5873 5917 5927 
601 0 1 1 5906 5939 5951 
580 0 1 5 5618 5740 5971 
585 1 7 2 5666 5771 5981 
568 1 3 6 5408 5615 5995 
605 1 7 3 5978 6002 6012 
604 1 3 1 5954 5992 6026 
590 0 1 5 5738 5782 6047 
589 1 7 2 5734 5802 6056 
513 0 5 6 5068 5657 6070 
607 1 3 3 6014 6024 6087 
602 1 7 1 5918 6013 6101 
587 1 3 5 5699 5813 6122 
600 1 3 2 5877 5897 6131 
556 0 5 6 5218 5792 6145 
608 0 5 3 6018 6035 6162 
617 0 5 7 6148 6155 6165 
619 1 7 4 6183 6184 6194 
596 1 3 5 5827 5854 6197 
612 0 5 2 6071 6082 6206 
594 1 7 6 5799 5833 6220 
613 1 7 3 6095 6095 6237 
622 1 3 0 6229 6230 6240 
623 0 1 1 6242 6242 6252 
595 0 5 5 5804 5876 6272 
615 1 3 2 6125 6133 6281 
576 0 1 6 5550 5866 6295 
620 1 3 3 6188 6195 6312 
627 1 3 7 6293 6304 6314 
593 0 1 5 5779 5887 6347 
618 0 1 2 6171 6171 6356 
631 1 3 1 6342 6353 6363 
586 0 1 6 5677 5928 6371 
626 0 1 3 6285 6294 6387 
629 0 5 7 6326 6332 6389 
633 1 3 0 6393 6393 6403 
603 0 5 5 5941 5971 6422 
621 0 5 2 6209 6210 6432 
636 0 5 4 6407 6426 6436 
572 1 3 6 5477 5949 6446 
635 0 1 3 6405 6416 6462 
639 1 7 1 6451 6480 6490 
611 1 3 5 6065 6072 6497 
637 1 3 2 6448 6449 6507 
641 0 5 4 6496 6497 6511 
591 1 3 6 5756 5961 6521 
638 0 5 3 6448 6459 6538 
645 0 5 1 6560 6561 6571 
614 0 1 5 6121 6121 6572 
640 0 1 2 6451 6470 6582 
647 0 1 4 6571 6572 6586 
606 0 1 6 5982 5982 6596 
643 1 7 3 6517 6519 6613 
651 0 1 0 6633 6635 6645 
649 1 3 1 6607 6608 6646 
616 1 7 5 6139 6144 6647 
642 1 3 2 6502 6508 6657 
646 1 3 4 6561 6583 6661 
609 1 7 6 6045 6047 6671 
648 1 7 3 6579 6593 6688 
650 0 5 1 6623 6624 6721 
624 1 7 5 6242 6253 6722 
652 1 7 2 6648 6648 6732 
610 0 1 6 6061 6061 6746 
658 0 1 4 6743 6744 6754 
653 1 3 3 6651 6659 6763 
628 1 7 5 6320 6320 6797 
662 1 7 1 6784 6788 6798 
625 0 5 6 6282 6283 6821 
664 1 3 4 6813 6813 6829 
656 1 7 3 6701 6713 6838 
666 1 7 7 6842 6842 6852 
630 0 1 5 6340 6343 6872 
663 0 1 1 6786 6799 6873 
669 1 3 6 6876 6878 6896 
665 0 5 4 6822 6824 6905 
670 1 7 2 6897 6900 6910 
660 0 5 3 6761 6766 6913 
668 0 5 7 6872 6888 6927 
632 0 5 5 6366 6367 6947 
671 0 1 4 6922 6922 6980 
674 1 7 2 6949 6955 6985 
676 1 3 6 6973 6977 6987 
661 1 3 3 6771 6777 6988 
634 1 7 5 6397 6404 7022 
680 1 3 1 7038 7039 7049 
678 0 5 6 7015 7017 7063 
667 0 1 3 6866 6867 7063 
681 0 5 0 7065 7065 7075 
683 0 1 2 7076 7076 7086 
682 1 7 4 7075 7086 7097 
644 0 1 5 6525 6530 7098 
685 0 5 7 7117 7124 7134 
673 0 5 3 6935 6944 7138 
684 1 3 2 7112 7112 7162 
654 0 1 5 6691 6692 7173 
688 1 7 6 7172 7172 7182 
689 1 3 4 7180 7184 7194 
675 0 1 3 6963 6966 7213 
692 1 7 7 7223 7224 7234 
687 0 1 2 7156 7156 7237 
655 0 5 5 6696 6703 7248 
691 0 1 6 7210 7210 7258 
694 0 5 1 7243 7254 7264 
679 0 1 3 7025 7028 7288 
695 0 1 0 7279 7280 7290 
697 0 5 4 7290 7301 7311 
657 1 3 5 6716 6725 7323 
696 1 3 6 7286 7291 7333 
693 1 3 3 7243 7244 7363 
700 0 1 7 7358 7359 7369 
701 1 3 2 7365 7370 7380 
702 1 7 0 7375 7381 7391 
659 1 7 5 6744 6754 7398 
704 0 1 1 7420 7421 7431 
698 1 7 3 7295 7312 7438 
703 0 5 7 7390 7392 7444 
672 1 3 5 6926 6933 7473 
708 0 1 0 7478 7478 7488 
707 1 7 1 7450 7454 7506 
706 1 3 3 7432 7443 7513 
705 0 5 7 7430 7432 7519 
711 0 1 4 7520 7528 7538 
677 1 7 5 7005 7006 7548 
709 1 3 0 7505 7506 7563 
715 0 1 1 7573 7573 7584 
710 0 5 3 7506 7516 7589 
714 1 7 7 7564 7584 7594 
716 1 3 4 7574 7595 7613 
686 1 7 5 7126 7135 7623 
712 1 7 0 7524 7538 7639 
713 0 5 3 7562 7562 7664 
718 0 1 7 7640 7641 7669 
721 0 5 6 7678 7679 7689 
690 0 5 5 7188 7195 7698 
717 0 5 3 7629 7630 7739 
724 1 3 4 7729 7734 7744 
722 0 1 7 7699 7700 7744 
725 0 5 1 7750 7751 7761 
699 0 5 5 7343 7343 7773 
727 1 7 0 7780 7781 7791 
728 1 3 6 7795 7795 7805 
719 1 7 3 7642 7662 7814 
729 0 5 7 7827 7828 7838 
720 1 3 5 7652 7652 7848 
723 1 7 3 7722 7723 7889 
733 1 7 4 7881 7883 7893 
734 0 1 0 7890 7894 7904 
735 0 5 2 7907 7907 7917 
726 0 1 3 7759 7762 7964 
737 1 7 7 7956 7957 7967 
739 0 5 1 7966 7978 7988 
736 1 3 2 7912 7918 7992 
740 1 3 6 7982 7989 7999 
730 1 7 3 7837 7839 8039 
738 0 1 7 7965 7968 8042 
776 1 7 4 8019 8032 8043 
752 1 2 0 8052 0 0 
753 1 2 5 8055 0 0 
754 1 2 1 8059 0 0 
755 1 2 0 8063 0 0 
741 1 2 1 8011 8011 8063 
756 1 2 1 8066 0 0 
757 1 2 1 8071 0 0 
778 0 5 2 8042 8064 8074 
743 1 2 6 8018 8022 8074 
758 1 2 1 8075 0 0 
759 1 2 1 8080 0 0 
760 1 2 2 8084 0 0 
762 1 2 2 8093 0 0 
744 1 2 0 8021 8085 8095 
763 1 2 0 8098 0 0 
764 1 2 1 8102 0 0 
765 1 2 1 8106 0 0 
767 1 2 1 8113 0 0 
731 0 1 3 7837 7850 8114 
768 1 2 0 8117 0 0 
746 1 2 7 8027 8044 8117 
777 1 3 4 8031 8054 8118 
770 1 2 2 8123 0 0 
771 1 2 3 8126 0 0 
773 1 2 0 8134 0 0 
774 1 2 6 8139 0 0 
779 0 1 2 8044 8075 8149 
747 1 2 5 8032 8151 8161 
786 0 1 6 8159 8172 8182 
732 1 3 3 7871 7872 8189 
749 1 2 7 8041 8182 8192 
769 1 2 4 8120 8140 8193 
795 0 0 1 8196 0 0 
796 0 0 5 8199 0 0 
797 0 0 5 8202 0 0 
799 0 0 0 8211 0 0 
794 0 0 0 8192 8204 8214 
800 0 0 5 8217 0 0 
801 0 0 4 8220 0 0 
802 0 0 4 8224 0 0 
782 0 1 2 8096 8096 8224 
804 0 0 4 8232 0 0 
805 0 0 4 8236 0 0 
783 0 5 5 8119 8192 8236 
806 0 0 4 8240 0 0 
807 0 0 6 8244 0 0 
808 0 0 1 8248 0 0 
809 0 0 0 8252 0 0 
810 0 0 6 8256 0 0 
811 0 0 4 8261 0 0 
748 1 2 3 8037 8106 8264 
812 0 0 3 8266 0 0 
761 1 2 7 8088 8214 8267 
784 1 7 4 8142 8161 8268 
813 0 0 7 8269 0 0 
814 0 0 1 8274 0 0 
815 0 0 1 8279 0 0 
816 0 0 3 8284 0 0 
818 0 0 3 8293 0 0 
819 0 0 7 8296 0 0 
742 1 2 2 8014 8117 8299 
820 0 0 3 8300 0 0 
821 0 0 3 8303 0 0 
822 0 0 4 8306 0 0 
823 0 0 7 8311 0 0 
787 0 0 5 8163 8225 8311 
824 0 0 4 8314 0 0 
825 0 0 3 8319 0 0 
826 0 0 2 8324 0 0 
833 0 5 1 8271 8318 8328 
751 1 2 3 8048 8129 8339 
831 1 3 7 8237 8266 8342 
829 1 7 4 8212 8245 8343 
750 1 2 2 8045 8235 8374 
832 1 7 5 8254 8276 8386 
745 1 2 6 8024 8380 8390 
838 1 3 0 8359 8390 8401 
835 0 1 1 8291 8339 8403 
766 1 2 3 8110 8298 8414 
837 0 5 7 8335 8401 8418 
772 1 2 4 8130 8349 8418 
849 1 6 4 8434 0 0 
850 1 6 4 8439 0 0 
851 1 6 1 8442 0 0 
775 1 2 2 8143 8256 8449 
853 1 6 7 8450 0 0 
854 1 6 0 8453 0 0 
855 1 6 2 8458 0 0 
792 0 0 5 8183 8288 8461 
856 1 6 4 8463 0 0 
827 0 5 6 8193 8432 8466 
857 1 6 0 8467 0 0 
858 1 6 7 8471 0 0 
859 1 6 4 8476 0 0 
860 1 6 3 8480 0 0 
862 1 6 4 8489 0 0 
828 1 3 3 8194 8359 8489 
845 1 6 7 8420 8442 8493 
863 1 6 0 8494 0 0 
844 1 6 0 8416 8484 8494 
864 1 6 5 8498 0 0 
865 1 6 7 8503 0 0 
866 1 6 1 8507 0 0 
867 1 6 1 8510 0 0 
868 1 6 4 8513 0 0 
869 1 6 0 8516 0 0 
870 1 6 1 8520 0 0 
781 1 3 2 8084 8308 8524 
871 1 6 6 8524 0 0 
798 0 0 5 8206 8370 8536 
880 0 5 6 8483 8515 8541 
890 0 4 4 8557 0 0 
891 0 4 7 8562 0 0 
836 1 7 3 8329 8411 8565 
892 0 4 6 8567 0 0 
788 0 0 7 8167 8463 8568 
847 1 6 0 8426 8525 8569 
893 0 4 6 8572 0 0 
842 1 6 1 8407 8566 8576 
894 0 4 6 8577 0 0 
895 0 4 2 8581 0 0 
896 0 4 5 8584 0 0 
897 0 4 5 8588 0 0 
898 0 4 0 8592 0 0 
899 0 4 2 8596 0 0 
789 0 0 2 8172 8329 8599 
901 0 4 4 8604 0 0 
902 0 4 7 8608 0 0 
903 0 4 0 8613 0 0 
904 0 4 6 8617 0 0 
922 0 5 5 8526 8608 8618 
905 0 4 2 8621 0 0 
906 0 4 2 8626 0 0 
841 1 6 4 8404 8618 8628 
907 0 4 3 8629 0 0 
908 0 4 6 8634 0 0 
909 0 4 6 8637 0 0 
873 1 7 3 8407 8452 8640 
910 0 4 1 8642 0 0 
793 0 0 7 8187 8495 8643 
911 0 4 2 8645 0 0 
881 0 1 1 8510 8578 8652 
913 0 4 7 8655 0 0 
888 0 4 0 8547 8649 8659 
914 0 4 2 8660 0 0 
915 0 4 6 8663 0 0 
916 0 4 0 8666 0 0 
917 0 4 6 8669 0 0 
918 0 4 7 8674 0 0 
791 0 0 2 8179 8422 8674 
919 0 4 6 8679 0 0 
920 0 4 5 8683 0 0 
848 1 6 4 8430 8669 8703 
878 0 1 3 8460 8536 8715 
876 0 5 7 8439 8556 8718 
846 1 6 6 8423 8711 8721 
834 1 3 1 8287 8639 8727 
929 0 1 5 8650 8722 8732 
912 0 4 0 8649 8701 8734 
830 0 1 2 8234 8474 8750 
874 1 3 3 8408 8588 8790 
886 0 4 7 8537 8598 8793 
780 1 7 6 8065 8762 8796 
921 1 3 1 8525 8691 8802 
936 1 3 5 8722 8805 8815 
839 0 1 2 8364 8505 8825 
939 0 5 0 8790 8825 8835 
879 1 3 3 8478 8774 8865 
861 1 6 7 8485 8752 8868 
877 1 7 6 8460 8784 8871 
926 1 3 1 8592 8732 8877 
843 1 6 5 8412 8877 8890 
785 1 3 2 8151 8546 8900 
944 0 1 4 8855 8898 8908 
884 0 4 3 8530 8815 8940 
938 1 7 7 8764 8835 8943 
790 0 0 6 8175 8795 8946 
930 1 3 1 8659 8856 8952 
852 1 6 5 8446 8928 8965 
923 1 7 2 8535 8628 8975 
945 0 5 4 8866 8959 8983 
952 1 3 0 8972 8991 9001 
885 0 4 3 8534 8867 9015 
875 0 1 6 8414 8846 9021 
950 1 7 7 8950 9021 9031 
872 1 6 5 8529 8969 9040 
927 0 5 2 8605 8659 9050 
955 0 5 0 9021 9042 9076 
887 0 4 3 8542 8918 9090 
900 0 4 1 8599 9084 9094 
882 0 4 6 8522 8949 9096 
928 1 7 5 8626 9052 9115 
924 0 1 2 8578 8680 9125 
957 0 1 0 9058 9074 9151 
931 0 5 3 8661 9011 9165 
840 0 5 1 8381 9145 9169 
883 0 4 6 8527 9001 9171 
951 0 5 4 8966 9176 9186 
932 1 7 5 8672 9104 9191 
934 0 5 2 8713 8742 9200 
960 1 3 0 9098 9135 9226 
962 0 1 3 9133 9156 9241 
925 1 7 1 8586 9186 9244 
889 0 4 6 8553 9032 9246 
958 0 5 4 9074 9218 9262 
949 0 1 5 8929 9125 9266 
942 1 7 2 8829 8887 9275 
965 1 7 3 9186 9228 9316 
803 0 0 6 8227 9064 9321 
954 1 7 1 9004 9323 9333 
946 1 7 4 8870 9249 9337 
956 1 3 5 9028 9166 9341 
940 1 3 2 8796 8908 9350 
975 1 3 7 9324 9344 9354 
817 0 0 6 8289 9115 9396 
967 0 1 1 9191 9334 9408 
969 1 7 4 9246 9270 9412 
963 1 3 5 9145 9208 9416 
943 1 3 2 8846 8939 9425 
978 1 7 3 9377 9427 9437 
933 0 1 6 8704 9198 9471 
974 0 1 1 9304 9375 9483 
966 1 3 4 9190 9281 9487 
935 1 7 5 8720 9291 9491 
953 0 1 2 8978 8981 9500 
937 0 1 6 8758 9239 9547 
947 1 3 1 8912 9417 9558 
973 1 7 4 9295 9364 9562 
989 1 7 0 9530 9553 9563 
959 1 7 5 9076 9448 9566 
948 0 5 2 8925 9094 9575 
941 0 1 6 8815 9260 9622 
968 0 5 1 9225 9459 9633 
979 0 1 4 9381 9406 9637 
961 1 7 5 9126 9469 9641 
995 1 3 0 9634 9638 9648 
972 0 5 2 9293 9313 9651 
971 1 3 6 9261 9303 9697 
985 1 7 1 9467 9522 9708 
992 0 1 4 9570 9585 9712 
1000 0 5 7 9698 9704 9714 
983 0 1 5 9422 9480 9716 
997 0 1 0 9650 9660 9723 
976 1 7 2 9335 9395 9726 
964 0 5 6 9150 9354 9772 
991 1 3 1 9569 9595 9783 
1002 1 7 4 9727 9728 9787 
1003 0 5 7 9743 9744 9791 
987 0 1 5 9499 9512 9791 
1001 1 3 0 9713 9715 9798 
984 1 3 2 9460 9490 9804 
977 0 5 6 9368 9385 9847 
1009 1 3 1 9842 9843 9858 
980 1 3 5 9385 9543 9866 
1012 0 1 7 9863 9867 9877 
990 0 5 2 9544 9574 9879 
1011 0 5 3 9862 9877 9887 
1014 0 5 0 9907 9907 9917 
982 0 5 6 9422 9438 9922 
1015 1 3 4 9908 9918 9928 
996 0 5 5 9647 9649 9941 
1013 1 7 7 9896 9896 9952 
993 1 7 2 9584 9615 9954 
981 1 7 6 9419 9500 9997 
1019 0 1 4 9978 9987 10004 
998 1 7 5 9652 9670 10017 
1021 0 5 1 10008 10009 10020 
994 0 5 2 9588 9627 10029 
970 0 1 6 9250 9533 10072 
1020 1 3 4 9983 9998 10079 
1025 0 5 7 10070 10075 10085 
1007 0 5 5 9800 9803 10092 
1022 0 1 1 10041 10042 10095 
999 0 1 2 9693 9693 10104 
1026 0 1 0 10095 10096 10106 
988 1 3 6 9507 9564 10147 
1029 0 5 4 10123 10133 10154 
1027 1 7 7 10112 10112 10160 
1016 0 1 5 9937 9938 10167 
1005 1 3 2 9780 9780 10179 
986 0 5 6 9476 9605 10222 
1034 0 1 0 10203 10216 10226 
1032 1 3 4 10192 10195 10229 
1030 0 1 7 10142 10144 10235 
1023 1 3 5 10045 10053 10242 
1008 0 1 2 9814 9815 10255 
1004 0 1 6 9763 9763 10298 
1036 1 3 0 10240 10250 10301 
1039 0 5 4 10295 10296 10306 
1035 0 5 7 10238 10239 10310 
1024 1 7 5 10055 10064 10317 
1018 1 7 2 9976 9976 10330 
1006 1 7 6 9787 9792 10373 
1044 1 7 4 10368 10369 10381 
1037 1 7 7 10244 10260 10386 
1045 0 5 0 10369 10380 10390 
1028 1 3 5 10120 10123 10392 
1040 1 7 2 10297 10307 10405 
1048 0 5 1 10431 10432 10443 
1010 1 7 6 9855 9856 10448 
1041 0 1 7 10314 10319 10461 
1047 0 1 0 10397 10402 10465 
1031 1 7 5 10183 10184 10467 
1043 0 1 2 10356 10357 10480 
1049 1 7 1 10434 10444 10518 
1053 1 3 3 10508 10509 10519 
1017 0 5 6 9957 9957 10523 
1052 1 7 0 10476 10478 10540 
1042 1 3 5 10314 10329 10542 
1050 1 3 1 10444 10455 10593 
1056 1 7 3 10539 10546 10594 
1033 0 5 6 10195 10205 10598 
1054 0 5 1 10511 10520 10668 
1059 0 1 3 10592 10593 10669 
1064 1 7 5 10658 10661 10671 
1038 0 1 6 10266 10271 10673 
1066 1 3 7 10699 10700 10710 
1055 0 1 1 10535 10535 10743 
1065 0 1 3 10670 10672 10744 
1069 1 7 5 10732 10734 10746 
1046 1 3 6 10382 10391 10748 
1070 1 3 4 10740 10745 10755 
1072 0 5 7 10786 10786 10797 
1062 1 3 1 10633 10633 10818 
1071 0 1 3 10757 10758 10819 
1051 0 1 6 10467 10467 10823 
1075 0 1 0 10818 10820 10830 
1078 1 3 5 10862 10865 10875 
1067 0 5 1 10708 10711 10893 
1077 1 7 3 10849 10854 10894 
1057 0 5 6 10565 10565 10898 
1076 0 5 0 10842 10843 10905 
1074 1 3 1 10790 10798 10968 
1079 0 1 3 10893 10893 10969 
1058 1 3 6 10576 10577 10973 
1084 1 3 7 10965 10965 10975 
1082 0 5 0 10922 10930 10980 
1086 0 5 4 10978 10987 10997 
1088 1 3 2 11009 11010 11020 
1073 1 7 1 10789 10809 11043 
1087 0 1 3 10989 10998 11044 
1060 0 5 6 10609 10609 11048 
1083 0 1 0 10944 10945 11055 
1120 0 5 5 11037 11049 11059 
1100 1 2 3 11077 0 0 
1093 1 2 7 11044 11070 11080 
1101 1 2 0 11081 0 0 
1102 1 2 0 11084 0 0 
1103 1 2 3 11089 0 0 
1122 0 1 2 11046 11060 11095 
1105 1 2 3 11099 0 0 
1106 1 2 0 11104 0 0 
1107 1 2 1 11108 0 0 
1108 1 2 0 11111 0 0 
1110 1 2 2 11117 0 0 
1080 1 3 1 10907 10908 11118 
1089 1 2 3 11027 11027 11119 
1111 1 2 0 11122 0 0 
1061 1 7 6 10609 10620 11123 
1113 1 2 3 11129 0 0 
1095 1 2 0 11054 11091 11130 
1114 1 2 5 11132 0 0 
1121 1 7 5 11041 11080 11134 
1116 1 2 0 11142 0 0 
1118 1 2 6 11151 0 0 
1119 1 2 3 11155 0 0 
1112 1 2 4 11125 11146 11156 
1090 1 2 2 11031 11112 11170 
1081 1 7 1 10908 10919 11193 
1126 0 1 3 11100 11102 11194 
1139 0 0 5 11198 0 0 
1063 0 5 6 10649 10650 11198 
1140 0 0 0 11202 0 0 
1141 0 0 5 11205 0 0 
1130 0 0 5 11162 11167 11209 
1142 0 0 0 11209 0 0 
1143 0 0 1 11212 0 0 
1144 0 0 6 11217 0 0 
1169 1 7 7 11163 11208 11218 
1146 0 0 4 11227 0 0 
1129 0 1 4 11160 11177 11231 
1147 0 0 2 11232 0 0 
1148 0 0 6 11237 0 0 
1149 0 0 5 11240 0 0 
1150 0 0 2 11244 0 0 
1098 1 2 2 11069 11124 11245 
1151 0 0 4 11248 0 0 
1152 0 0 5 11251 0 0 
1153 0 0 1 11254 0 0 
1154 0 0 0 11258 0 0 
1156 0 0 7 11265 0 0 
1157 0 0 4 11268 0 0 
1158 0 0 4 11273 0 0 
1159 0 0 4 11278 0 0 
1160 0 0 6 11281 0 0 
1161 0 0 7 11285 0 0 
1162 0 0 3 11290 0 0 
1163 0 0 1 11294 0 0 
1164 0 0 5 11298 0 0 
1173 1 7 0 11232 11290 11300 
1165 0 0 4 11302 0 0 
1166 0 0 1 11307 0 0 
1167 0 0 7 11312 0 0 
1168 0 0 6 11316 0 0 
