1 0 0 6 1933 1933 1943 
2 0 0 3 1936 1943 1953 
4 0 0 5 1946 1963 1974 
6 0 0 4 1953 1984 1994 
8 0 0 1 1960 2004 2014 
3 0 0 6 1943 1953 2018 
5 0 0 3 1950 1974 2029 
10 0 0 2 1970 2024 2034 
13 0 0 5 1981 2054 2064 
7 0 0 4 1956 1994 2069 
14 0 0 1 1986 2064 2089 
16 0 0 6 1996 2084 2094 
9 0 0 3 1965 2014 2104 
15 0 0 2 1991 2074 2109 
20 0 0 5 2014 2125 2139 
17 0 0 4 1999 2094 2144 
22 0 0 7 2023 2145 2155 
18 0 0 1 2004 2104 2164 
24 0 0 0 2030 2165 2175 
11 0 0 3 1974 2034 2179 
21 0 0 2 2019 2135 2184 
25 0 0 6 2033 2175 2185 
31 0 0 5 2062 2236 2246 
29 0 0 0 2051 2216 2250 
12 0 0 3 1978 2044 2254 
26 0 0 2 2038 2185 2259 
30 0 0 6 2056 2226 2260 
35 0 0 7 2079 2276 2287 
36 0 0 1 2084 2287 2297 
19 0 0 3 2009 2115 2329 
28 0 0 2 2046 2206 2334 
33 0 0 6 2071 2256 2335 
76 0 4 0 1948 2327 2337 
77 0 4 5 1952 2337 2347 
75 0 4 1 1944 2317 2372 
81 0 4 7 1965 2377 2387 
82 0 4 4 1968 2387 2397 
23 0 0 3 2026 2155 2404 
74 0 4 6 1940 2307 2410 
86 0 4 0 1983 2427 2438 
78 0 4 1 1956 2347 2447 
89 0 4 7 1995 2458 2468 
83 0 4 4 1971 2397 2472 
90 0 4 2 2000 2468 2478 
27 0 0 3 2042 2196 2479 
79 0 4 6 1959 2357 2485 
88 0 4 0 1992 2448 2513 
85 0 4 1 1978 2417 2522 
91 0 4 4 2004 2478 2547 
94 0 4 2 2017 2508 2553 
32 0 0 3 2067 2246 2554 
80 0 4 6 1962 2367 2561 
99 0 4 5 2038 2559 2569 
87 0 4 1 1987 2438 2597 
92 0 4 4 2009 2488 2622 
95 0 4 2 2021 2518 2628 
34 0 0 3 2076 2266 2629 
96 0 4 6 2026 2528 2636 
100 0 4 5 2041 2569 2644 
107 0 4 7 2067 2639 2649 
109 0 4 0 2074 2659 2670 
97 0 4 1 2030 2538 2672 
98 0 4 4 2033 2549 2698 
102 0 4 2 2047 2589 2703 
73 0 4 3 1933 2297 2704 
108 0 4 6 2070 2649 2711 
106 0 4 1 2063 2629 2747 
103 0 4 4 2051 2599 2773 
177 0 1 2 2398 2761 2778 
84 0 4 3 1974 2407 2779 
156 0 1 6 2105 2710 2786 
189 0 1 5 2587 2791 2801 
195 0 1 0 2662 2801 2811 
164 0 1 1 2223 2731 2822 
202 0 1 7 2779 2821 2832 
104 0 4 4 2054 2609 2848 
93 0 4 3 2013 2498 2855 
199 0 1 6 2714 2811 2861 
206 0 1 0 2834 2842 2886 
173 0 1 1 2343 2751 2897 
147 0 1 4 1980 2690 2923 
101 0 4 3 2044 2579 2930 
170 0 5 6 2306 2923 2936 
166 0 5 0 2262 2913 2962 
148 0 5 1 1981 2852 2973 
215 0 1 7 2956 2963 2973 
185 0 5 2 2522 2973 2983 
152 0 1 4 2056 2700 2998 
105 0 4 3 2059 2619 3005 
174 0 5 6 2362 2933 3011 
203 0 5 5 2785 3013 3023 
190 0 5 0 2587 2983 3037 
159 0 5 1 2143 2892 3048 
169 0 1 4 2302 2741 3073 
110 0 4 3 2077 2670 3080 
223 0 1 2 3073 3074 3084 
213 0 5 6 2947 3054 3086 
193 0 5 0 2637 2993 3112 
179 0 5 1 2438 2943 3123 
39 1 2 7 1937 3125 3135 
181 0 1 4 2467 2771 3149 
41 1 2 5 1944 3145 3155 
37 0 1 3 1933 2680 3155 
221 0 5 2 3058 3084 3160 
218 0 5 6 3003 3064 3162 
198 0 5 0 2712 3003 3187 
209 0 5 1 2878 3044 3198 
229 0 5 7 3179 3186 3210 
151 0 5 4 2033 2862 3224 
160 0 1 3 2160 2720 3230 
42 1 2 5 1947 3155 3230 
38 1 2 2 1933 3094 3235 
46 1 2 6 1963 3217 3237 
230 0 1 7 3187 3197 3285 
155 0 5 4 2084 2872 3299 
187 0 1 3 2533 2781 3305 
235 0 5 5 3256 3258 3305 
49 1 2 6 1974 3268 3312 
55 1 2 1 2002 3348 3359 
232 0 1 7 3238 3247 3360 
207 0 5 4 2836 3023 3374 
111 0 5 3 1933 2832 3380 
50 1 2 5 1979 3278 3380 
58 1 2 0 2014 3399 3409 
56 1 2 1 2007 3359 3434 
236 0 1 7 3287 3288 3435 
220 0 1 4 3032 3034 3449 
244 0 1 2 3438 3439 3449 
211 0 1 3 2881 2882 3456 
239 0 5 5 3326 3328 3456 
60 1 2 0 2023 3419 3484 
64 1 2 1 2037 3479 3509 
52 1 2 7 1987 3308 3510 
67 1 2 6 2050 3510 3520 
226 0 1 4 3113 3115 3524 
162 0 5 3 2188 2902 3531 
59 1 2 5 2019 3409 3531 
68 1 2 2 2056 3530 3540 
250 0 1 1 3511 3520 3584 
240 0 1 7 3368 3369 3586 
251 0 5 6 3535 3540 3595 
44 1 2 4 1957 3176 3599 
183 0 5 3 2480 2953 3606 
61 1 2 5 2026 3429 3606 
254 0 1 2 3567 3570 3615 
258 0 1 0 3639 3641 3651 
114 1 6 1 1942 3620 3659 
57 1 2 7 2011 3379 3661 
113 1 6 6 1937 3600 3670 
45 1 2 4 1960 3207 3674 
224 0 5 3 3099 3104 3681 
62 1 2 5 2031 3449 3681 
71 1 2 2 2071 3580 3690 
118 1 6 0 1959 3671 3726 
242 0 5 7 3384 3389 3736 
256 0 5 6 3609 3610 3745 
47 1 2 4 1966 3227 3749 
247 0 5 5 3464 3469 3756 
40 1 2 3 1940 3135 3756 
119 1 6 2 1964 3681 3765 
125 1 6 1 1989 3773 3783 
66 1 2 7 2047 3499 3811 
116 1 6 6 1949 3651 3820 
48 1 2 4 1971 3237 3824 
43 1 2 3 1952 3165 3831 
262 0 1 2 3709 3712 3840 
267 0 1 1 3779 3783 3858 
273 0 5 5 3847 3854 3864 
70 1 2 7 2066 3560 3886 
117 1 6 6 1954 3661 3895 
51 1 2 4 1982 3298 3899 
53 1 2 3 1992 3318 3907 
121 1 6 2 1974 3722 3915 
134 1 6 0 2025 3924 3934 
124 1 6 7 1985 3753 3961 
123 1 6 6 1981 3742 3970 
54 1 2 4 1997 3338 3975 
281 0 1 1 3961 3965 3975 
115 1 6 3 1945 3631 3982 
122 1 6 2 1977 3732 3990 
135 1 6 0 2029 3934 4009 
140 1 6 5 2050 4025 4035 
266 0 5 7 3755 3763 4037 
269 0 5 6 3797 3803 4046 
63 1 2 4 2034 3459 4050 
285 0 1 1 4002 4005 4050 
120 1 6 3 1969 3702 4057 
272 0 1 2 3838 3844 4065 
143 1 6 5 2063 4066 4110 
288 0 5 7 4054 4056 4112 
128 1 6 6 2001 3823 4121 
65 1 2 4 2042 3489 4125 
284 0 5 1 4001 4015 4125 
129 1 6 3 2004 3833 4132 
153 1 3 0 2057 4127 4137 
130 1 6 2 2008 3864 4141 
144 1 6 5 2069 4086 4186 
290 0 1 7 4075 4076 4187 
280 0 5 6 3944 3944 4196 
69 1 2 4 2061 3550 4200 
72 1 3 1 1933 4106 4200 
131 1 6 3 2012 3874 4207 
277 0 1 2 3912 3914 4216 
172 1 3 0 2342 4219 4229 
296 0 1 5 4190 4198 4261 
165 1 3 7 2231 4178 4262 
138 1 6 6 2043 3985 4271 
112 1 6 4 1933 3590 4275 
293 0 1 1 4134 4137 4275 
132 1 6 3 2016 3884 4282 
136 1 6 2 2033 3955 4291 
197 1 3 0 2699 4310 4320 
302 0 5 7 4268 4269 4337 
157 1 3 6 2128 4157 4346 
261 0 5 4 3688 3691 4350 
161 1 3 1 2172 4167 4350 
133 1 6 3 2021 3894 4358 
137 1 6 2 2038 3975 4366 
214 1 3 0 2954 4370 4395 
205 1 3 7 2805 4330 4412 
168 1 3 6 2274 4188 4421 
126 1 6 4 1993 3793 4426 
298 0 5 1 4203 4208 4426 
276 0 5 3 3902 3904 4433 
141 1 6 2 2053 4035 4441 
210 1 3 7 2881 4340 4488 
243 1 3 5 3391 4481 4492 
300 0 1 6 4232 4239 4496 
127 1 6 4 1998 3813 4501 
184 1 3 1 2520 4259 4501 
180 1 3 3 2467 4249 4508 
145 1 6 2 2072 4096 4516 
315 0 5 7 4450 4451 4563 
257 1 3 5 3613 4542 4567 
192 1 3 6 2636 4300 4571 
322 0 1 0 4562 4562 4572 
139 1 6 4 2046 3995 4576 
188 1 3 1 2565 4280 4576 
308 0 5 3 4347 4360 4583 
150 1 3 2 1990 4116 4592 
249 1 3 7 3503 4502 4638 
307 0 1 6 4344 4350 4647 
268 1 3 0 3788 4583 4647 
201 1 3 1 2743 4320 4651 
142 1 6 4 2058 4046 4651 
231 1 3 3 3203 4431 4658 
294 0 5 2 4134 4147 4667 
289 1 3 5 4072 4664 4675 
264 1 3 7 3723 4572 4713 
311 0 1 6 4401 4411 4722 
323 0 5 0 4599 4603 4723 
310 0 5 1 4393 4401 4726 
217 1 3 4 2999 4381 4726 
330 0 1 3 4685 4695 4733 
176 1 3 2 2392 4229 4742 
301 1 3 5 4261 4716 4750 
324 0 1 7 4605 4613 4789 
238 1 3 6 3317 4471 4797 
279 1 3 0 3936 4634 4798 
222 1 3 4 3061 4391 4802 
234 1 3 1 3251 4461 4802 
333 0 1 3 4746 4746 4808 
303 0 1 2 4287 4290 4817 
332 0 5 5 4744 4756 4825 
309 1 3 7 4390 4736 4864 
297 1 3 6 4196 4705 4872 
227 1 3 4 3132 4421 4877 
283 1 3 1 3980 4644 4877 
326 1 3 3 4618 4818 4884 
246 1 3 2 3454 4492 4892 
335 0 5 5 4790 4808 4900 
341 0 1 6 4852 4859 4947 
314 0 1 4 4441 4441 4952 
286 1 3 1 4028 4654 4952 
334 1 3 3 4756 4838 4959 
347 1 6 7 4948 4950 4960 
318 0 1 2 4504 4512 4967 
339 0 5 5 4846 4849 4975 
382 0 5 0 4991 5011 5021 
338 1 3 6 4829 4869 5023 
252 1 3 4 3548 4522 5027 
305 1 3 1 4330 4726 5027 
345 0 5 3 4919 4930 5034 
352 1 6 7 4969 5021 5035 
319 0 5 2 4525 4532 5042 
149 1 7 5 1987 4900 5050 
353 1 6 0 4973 5031 5096 
342 1 3 6 4877 4879 5098 
259 1 3 4 3659 4552 5102 
313 1 3 1 4440 4767 5102 
350 1 6 3 4961 4980 5109 
356 1 6 7 4985 5082 5111 
292 1 3 2 4133 4675 5118 
358 1 6 5 4993 5103 5126 
344 0 1 6 4918 4920 5173 
271 1 3 4 3832 4593 5177 
321 1 3 1 4551 4787 5177 
351 1 6 3 4965 4990 5185 
392 0 5 7 5143 5144 5186 
329 0 5 2 4677 4685 5193 
359 1 6 5 4996 5123 5201 
364 1 6 0 5015 5195 5205 
362 1 6 6 5008 5174 5248 
275 1 3 4 3891 4624 5252 
336 0 1 1 4794 4798 5253 
354 1 6 3 4976 5041 5260 
363 1 6 7 5011 5184 5261 
317 1 3 2 4494 4777 5268 
398 0 1 5 5221 5225 5276 
368 1 6 0 5031 5256 5280 
370 1 6 6 5040 5276 5323 
328 1 3 4 4677 4828 5328 
349 1 6 1 4956 4970 5328 
360 1 6 3 5000 5133 5335 
346 1 3 2 4928 4940 5343 
366 1 6 5 5024 5236 5351 
406 1 2 0 5319 5327 5355 
405 1 2 6 5315 5317 5399 
146 1 7 4 1934 4889 5403 
383 0 1 1 4996 5000 5403 
411 1 2 7 5335 5398 5408 
369 1 6 3 5036 5266 5410 
355 1 6 2 4981 5062 5419 
367 1 6 5 5027 5246 5426 
409 1 2 0 5329 5368 5430 
154 1 7 4 2065 4910 5478 
394 0 1 1 5155 5164 5478 
445 0 5 3 5330 5338 5485 
388 0 5 2 5069 5072 5494 
401 0 5 5 5281 5287 5502 
413 1 2 0 5344 5429 5505 
419 1 2 7 5368 5530 5540 
348 1 6 4 4953 4960 5553 
371 1 6 1 5045 5297 5553 
410 1 2 3 5332 5378 5560 
357 1 6 2 4990 5092 5569 
402 0 1 5 5299 5307 5577 
455 0 5 0 5499 5510 5581 
460 0 1 6 5565 5570 5581 
420 1 2 7 5372 5540 5615 
386 0 1 4 5044 5052 5628 
449 0 5 1 5400 5408 5628 
447 0 1 3 5379 5388 5636 
390 0 1 2 5113 5113 5644 
415 1 2 5 5351 5470 5652 
462 0 5 0 5578 5581 5656 
430 1 2 7 5415 5692 5702 
407 1 2 4 5322 5348 5703 
451 0 1 1 5443 5449 5703 
414 1 2 3 5348 5439 5711 
361 1 6 2 5005 5154 5719 
417 1 2 5 5360 5490 5727 
465 0 5 0 5626 5641 5731 
433 1 2 7 5425 5732 5777 
434 1 2 4 5429 5742 5778 
424 1 2 1 5389 5601 5778 
453 0 5 3 5451 5460 5786 
365 1 6 2 5019 5205 5794 
456 0 1 5 5500 5500 5802 
431 1 2 0 5418 5712 5806 
439 1 2 6 5447 5813 5823 
435 1 2 7 5433 5752 5852 
428 1 2 1 5406 5662 5854 
418 1 2 3 5363 5520 5861 
397 0 5 2 5206 5215 5869 
512 0 0 4 5853 5864 5874 
425 1 2 5 5394 5611 5877 
473 0 1 0 5756 5762 5881 
513 0 0 6 5859 5874 5898 
554 1 7 7 5916 0 0 
477 0 4 7 5833 5833 5927 
474 0 5 1 5772 5772 5929 
422 1 2 3 5381 5560 5936 
408 1 2 2 5326 5358 5944 
514 0 0 4 5863 5884 5949 
464 0 1 5 5625 5631 5952 
437 1 2 0 5439 5793 5956 
556 1 7 3 5972 0 0 
522 0 0 6 5895 5965 5975 
516 0 0 7 5871 5904 6003 
436 1 2 1 5436 5783 6004 
423 1 2 3 5386 5591 6011 
412 1 2 2 5340 5419 6019 
519 0 0 4 5882 5935 6024 
427 1 2 5 5403 5652 6027 
561 1 7 5 6036 0 0 
529 0 0 0 5925 6036 6046 
525 0 0 6 5909 5995 6050 
520 0 0 7 5886 5945 6078 
478 0 4 1 5837 5844 6079 
426 1 2 3 5398 5621 6087 
416 1 2 2 5356 5480 6095 
528 0 0 4 5921 6026 6100 
469 0 5 5 5696 5702 6103 
566 1 7 3 6111 0 0 
527 0 0 6 5918 6016 6126 
524 0 0 7 5904 5985 6153 
517 0 0 1 5875 5914 6154 
540 0 0 0 5968 6148 6159 
468 0 1 3 5679 5682 6162 
421 1 2 2 5377 5550 6170 
530 0 0 4 5928 6046 6175 
432 1 2 5 5421 5722 6178 
570 1 7 7 6185 0 0 
542 0 0 6 5976 6169 6201 
533 0 0 7 5941 6077 6228 
532 0 0 1 5938 6067 6230 
546 0 0 0 5992 6210 6234 
438 1 2 3 5443 5803 6237 
429 1 2 2 5410 5672 6245 
537 0 0 4 5956 6118 6250 
515 0 0 5 5867 5894 6253 
574 1 7 0 6254 0 0 
549 0 0 6 6005 6240 6276 
536 0 0 7 5952 6108 6303 
534 0 0 1 5944 6087 6305 
550 0 0 0 6009 6251 6309 
578 1 7 5 6311 0 0 
539 0 0 3 5964 6138 6312 
440 1 2 2 5450 5823 6320 
545 0 0 4 5988 6200 6325 
523 0 0 5 5899 5975 6328 
482 0 4 6 5854 6292 6351 
582 1 7 2 6354 0 0 
541 0 0 7 5972 6159 6379 
535 0 0 1 5948 6097 6380 
484 0 4 0 5862 6312 6384 
480 0 4 3 5847 6271 6388 
511 0 0 2 5849 5854 6396 
585 1 7 2 6397 0 0 
548 0 0 4 6002 6230 6400 
526 0 0 5 5914 6006 6404 
485 0 4 6 5867 6322 6426 
547 0 0 7 5996 6220 6454 
538 0 0 1 5959 6128 6455 
497 0 4 0 5922 6445 6459 
483 0 4 3 5857 6302 6463 
589 1 7 2 6465 0 0 
518 0 0 2 5878 5924 6471 
496 0 4 4 5916 6435 6476 
486 0 4 5 5872 6333 6479 
489 0 4 6 5886 6363 6502 
490 0 4 7 5891 6374 6529 
594 1 7 6 6530 0 0 
495 0 4 1 5912 6425 6531 
502 0 4 0 5945 6497 6535 
491 0 4 3 5895 6384 6538 
521 0 0 2 5889 5955 6546 
488 0 4 5 5882 6353 6554 
507 0 4 4 5967 6548 6558 
501 0 4 6 5939 6486 6577 
598 1 7 7 6604 0 0 
498 0 4 7 5927 6456 6604 
499 0 4 1 5931 6466 6606 
504 0 4 0 5954 6517 6610 
492 0 4 3 5898 6394 6613 
531 0 0 2 5933 6057 6622 
505 0 4 5 5957 6528 6629 
577 0 1 4 6287 6630 6640 
509 0 1 6 5835 6558 6652 
603 1 7 5 6673 0 0 
563 0 1 7 6077 6599 6680 
500 0 4 1 5935 6476 6681 
560 0 1 0 6017 6589 6685 
493 0 4 3 5903 6404 6689 
543 0 0 2 5980 6179 6697 
506 0 4 5 5962 6538 6705 
572 0 1 6 6209 6620 6727 
557 0 5 4 5974 6732 6742 
608 1 7 3 6750 0 0 
569 0 1 7 6151 6609 6755 
503 0 4 1 5949 6507 6756 
494 0 4 3 5907 6415 6764 
544 0 0 2 5985 6189 6772 
558 0 1 5 5975 6579 6780 
591 0 1 6 6489 6671 6802 
612 1 7 2 6803 0 0 
583 0 1 7 6377 6651 6830 
553 0 1 1 5916 6569 6831 
508 0 5 3 5834 6712 6839 
588 0 5 4 6443 6833 6844 
479 0 4 2 5842 6261 6847 
587 0 1 5 6432 6661 6855 
565 0 5 6 6087 6763 6877 
617 1 7 7 6880 0 0 
599 0 5 0 6609 6874 6884 
579 0 1 1 6331 6640 6907 
607 0 1 3 6747 6753 6914 
481 0 4 2 5850 6281 6922 
596 0 1 5 6560 6681 6930 
621 1 7 2 6941 0 0 
568 0 5 6 6143 6773 6953 
619 0 5 4 6913 6944 6954 
622 0 1 0 6962 6965 6975 
604 0 1 1 6687 6702 6982 
605 0 5 3 6714 6894 6989 
442 1 2 7 5459 6985 6995 
487 0 4 2 5877 6343 6997 
573 0 5 5 6212 6783 7005 
625 1 7 6 7014 0 0 
609 0 5 6 6775 6904 7028 
443 1 2 4 5463 6995 7030 
372 1 6 0 5050 7015 7050 
584 0 5 1 6397 6823 7057 
629 1 7 7 7059 0 0 
613 0 5 3 6825 6914 7064 
627 0 1 7 7026 7036 7070 
600 0 1 2 6610 6692 7072 
575 0 5 5 6281 6793 7080 
632 1 7 5 7099 0 0 
441 1 2 6 5454 6954 7103 
444 1 2 4 5467 7005 7105 
374 1 6 0 5058 7057 7125 
592 0 5 1 6496 6844 7132 
620 0 1 3 6921 6924 7140 
636 1 7 4 7140 0 0 
552 0 5 2 5910 6722 7148 
611 0 1 5 6798 6803 7155 
377 1 6 6 5068 7108 7178 
384 1 3 7 5006 7169 7179 
379 1 6 4 5076 7148 7180 
637 1 7 2 7181 0 0 
375 1 6 0 5061 7067 7200 
602 0 5 1 6654 6884 7207 
626 0 5 3 7016 7026 7215 
562 0 5 2 6043 6742 7223 
595 0 5 5 6540 6854 7231 
642 1 7 2 7236 0 0 
387 1 3 6 5061 7179 7253 
641 0 1 4 7229 7230 7255 
633 0 1 0 7127 7128 7276 
623 0 5 1 6972 6975 7282 
373 1 6 3 5055 7046 7290 
450 1 3 7 5405 7281 7291 
646 1 7 4 7295 0 0 
581 0 5 2 6353 6813 7298 
616 0 5 5 6869 6934 7306 
649 1 7 1 7341 0 0 
461 1 3 6 5577 7332 7342 
391 1 3 0 5126 7210 7351 
631 0 1 1 7076 7077 7357 
376 1 6 3 5065 7097 7365 
466 1 3 7 5633 7342 7366 
615 0 1 2 6858 6864 7373 
630 0 5 5 7071 7087 7381 
653 1 7 3 7385 0 0 
555 1 3 4 5933 7412 7422 
639 0 5 1 7182 7199 7432 
635 0 5 3 7136 7138 7440 
472 1 3 7 5755 7372 7441 
378 1 6 2 5073 7118 7448 
657 1 7 5 7449 0 0 
399 1 3 5 5238 7240 7456 
564 1 3 0 6078 7453 7463 
567 1 3 6 6136 7463 7473 
661 1 7 3 7504 0 0 
645 0 1 1 7294 7301 7507 
380 1 6 3 5079 7158 7515 
476 1 3 7 5799 7392 7516 
446 1 3 2 5350 7271 7523 
403 1 3 5 5310 7260 7531 
664 1 7 4 7546 0 0 
576 1 3 6 6281 7493 7548 
665 0 1 4 7556 7564 7574 
650 0 1 1 7357 7362 7583 
638 0 1 3 7182 7189 7591 
666 0 5 7 7575 7584 7594 
454 1 3 2 5455 7291 7599 
551 1 3 5 5862 7402 7606 
669 1 7 6 7609 0 0 
586 1 3 6 6409 7534 7623 
597 1 3 4 6573 7574 7649 
662 0 5 1 7516 7524 7658 
672 1 7 5 7659 0 0 
395 1 3 3 5188 7220 7666 
458 1 3 2 5517 7321 7674 
655 0 1 5 7430 7432 7681 
610 1 3 6 6793 7625 7698 
676 1 7 6 7707 0 0 
601 1 3 1 6639 7594 7733 
643 0 5 3 7248 7250 7741 
668 0 1 7 7606 7614 7744 
647 1 3 4 7303 7736 7746 
652 0 5 2 7380 7382 7749 
571 1 3 5 6205 7473 7756 
680 1 7 1 7772 0 0 
678 0 1 6 7750 7756 7773 
651 1 3 0 7365 7766 7776 
663 1 3 1 7519 7796 7808 
648 0 5 3 7311 7311 7816 
658 1 3 4 7476 7786 7821 
670 0 5 2 7630 7635 7824 
659 0 5 5 7476 7483 7831 
684 1 7 2 7846 0 0 
681 0 1 0 7800 7807 7851 
685 0 1 7 7852 7857 7867 
470 1 3 3 5705 7352 7891 
682 0 5 4 7808 7817 7896 
618 1 3 2 6904 7655 7899 
580 1 3 5 6349 7514 7906 
689 1 7 4 7914 0 0 
688 0 5 6 7905 7908 7918 
158 1 7 1 2142 7918 7928 
559 1 3 3 6010 7422 7966 
692 0 5 7 7956 7958 7968 
671 1 3 4 7654 7837 7971 
674 0 5 2 7682 7685 7974 
590 1 3 5 6470 7544 7982 
691 1 3 6 7943 7948 7993 
727 0 5 0 8028 8029 8039 
656 0 5 3 7433 7443 8041 
163 1 7 4 2201 7938 8046 
640 1 3 2 7183 7715 8049 
593 1 3 5 6511 7554 8057 
694 1 6 6 7972 7978 8068 
730 1 7 3 8083 0 0 
731 0 5 0 8093 8099 8114 
660 0 1 3 7495 7504 8116 
698 1 6 4 7990 8049 8121 
683 1 3 2 7808 7887 8124 
614 1 3 5 6853 7645 8132 
696 1 6 6 7981 8008 8143 
706 1 6 1 8023 8150 8160 
735 1 7 2 8162 0 0 
707 1 6 0 8026 8170 8189 
673 0 1 3 7669 7675 8192 
699 1 6 4 7994 8059 8196 
687 1 3 2 7889 7898 8199 
736 0 1 7 8185 8190 8200 
624 1 3 5 6975 7665 8207 
701 1 6 6 8003 8079 8218 
739 1 7 6 8232 0 0 
738 0 5 1 8219 8220 8235 
708 1 6 0 8031 8180 8264 
667 1 3 3 7599 7827 8267 
700 1 6 4 7999 8069 8271 
724 0 1 2 7978 7988 8274 
742 1 7 5 8281 0 0 
628 1 3 5 7053 7695 8282 
703 1 6 6 8010 8120 8293 
716 1 6 7 8064 8292 8302 
715 1 6 1 8061 8282 8311 
746 1 7 0 8329 0 0 
713 1 6 0 8052 8261 8339 
675 1 3 3 7695 7847 8342 
732 0 1 4 8109 8109 8347 
704 1 6 2 8015 8130 8350 
634 1 3 5 7130 7705 8357 
709 1 6 6 8036 8200 8369 
717 1 6 7 8069 8312 8377 
781 1 7 5 8388 0 0 
782 0 1 0 8390 8394 8415 
679 1 3 3 7757 7877 8417 
705 1 6 4 8018 8140 8422 
734 0 5 2 8160 8160 8425 
784 1 7 2 8432 0 0 
644 1 3 5 7257 7725 8432 
785 0 1 1 8433 8434 8444 
750 1 2 7 8369 8384 8452 
756 1 2 6 8394 8475 8485 
754 1 2 0 8387 8454 8490 
695 1 6 3 7976 7998 8493 
790 1 7 6 8495 0 0 
745 0 1 4 8316 8322 8497 
712 1 6 2 8048 8241 8500 
677 0 5 5 7738 7746 8508 
755 1 2 1 8390 8464 8520 
793 1 7 0 8536 0 0 
728 0 1 3 8029 8039 8568 
792 0 1 4 8531 8536 8572 
740 0 1 2 8248 8251 8575 
795 1 7 1 8576 0 0 
654 1 3 5 7423 7776 8583 
762 1 2 7 8423 8577 8587 
757 1 2 1 8399 8505 8595 
764 1 2 0 8433 8617 8627 
799 1 7 2 8629 0 0 
702 1 6 3 8007 8089 8643 
796 0 5 4 8585 8587 8647 
714 1 6 2 8056 8271 8650 
686 0 5 5 7859 7867 8658 
797 0 1 7 8602 8607 8662 
758 1 2 1 8404 8516 8670 
803 1 7 4 8690 0 0 
800 0 5 0 8643 8647 8702 
710 1 6 3 8040 8210 8718 
769 1 2 4 8452 8687 8723 
751 1 2 2 8373 8404 8725 
690 0 1 5 7923 7928 8733 
804 0 5 7 8701 8707 8737 
759 1 2 1 8408 8526 8745 
806 0 1 6 8743 8748 8758 
808 1 7 3 8760 0 0 
767 1 2 0 8444 8657 8777 
718 1 6 3 8074 8333 8793 
772 1 2 4 8463 8727 8798 
752 1 2 2 8378 8414 8800 
693 1 6 5 7967 7968 8808 
811 1 7 2 8811 0 0 
778 1 2 7 8490 8809 8819 
760 1 2 1 8414 8556 8820 
774 1 2 6 8471 8768 8833 
773 1 2 0 8466 8738 8852 
814 1 7 6 8864 0 0 
749 1 2 3 8364 8373 8869 
775 1 2 4 8475 8778 8873 
783 0 5 2 8415 8424 8876 
697 1 6 5 7986 8019 8884 
722 1 6 7 8093 8870 8894 
766 1 2 1 8440 8637 8895 
816 0 1 6 8890 8891 8908 
818 1 7 2 8919 0 0 
733 1 3 0 8117 8921 8932 
788 0 1 3 8482 8485 8944 
753 1 2 2 8384 8444 8951 
711 1 6 5 8045 8231 8959 
821 1 7 0 8968 0 0 
729 1 3 7 8076 8911 8970 
741 1 3 0 8270 8962 9007 
765 1 2 3 8437 8627 9019 
786 1 3 1 8435 9012 9022 
787 0 5 2 8478 8495 9026 
743 0 5 5 8295 8302 9034 
827 1 7 0 9041 0 0 
794 1 3 4 8536 9032 9043 
819 0 5 7 8922 8932 9045 
831 1 7 1 9092 0 0 
771 1 2 3 8459 8717 9094 
791 0 5 2 8530 8546 9101 
830 0 5 1 9089 9093 9103 
719 1 6 5 8079 8343 9109 
828 0 1 4 9057 9063 9118 
737 1 3 7 8191 8942 9120 
866 1 7 5 9165 0 0 
807 0 5 3 8754 8758 9169 
761 1 2 2 8418 8567 9176 
832 0 1 1 9120 9123 9178 
747 0 5 5 8348 8353 9184 
835 0 4 4 9132 9153 9193 
824 0 1 7 8983 8992 9195 
870 1 7 4 9221 0 0 
843 0 4 6 9166 9234 9244 
720 1 6 3 8084 8850 9244 
763 1 2 2 8428 8597 9251 
836 0 4 1 9136 9163 9253 
844 0 4 0 9172 9244 9254 
748 1 2 5 8359 8363 9259 
839 0 4 4 9150 9193 9268 
801 1 3 7 8657 9073 9270 
874 1 7 1 9278 0 0 
846 0 4 6 9178 9264 9319 
820 0 1 3 8943 8952 9319 
770 1 2 2 8455 8697 9326 
840 0 4 1 9153 9203 9328 
847 0 4 0 9181 9274 9329 
768 1 2 5 8447 8667 9335 
878 1 7 4 9340 0 0 
848 0 4 4 9185 9284 9343 
838 0 4 7 9145 9183 9346 
854 0 4 6 9213 9346 9394 
744 1 3 3 8312 8972 9395 
882 1 7 1 9396 0 0 
777 1 2 2 8485 8799 9402 
850 0 4 1 9194 9305 9404 
852 0 4 0 9202 9325 9404 
802 0 1 5 8675 8677 9410 
858 0 4 4 9231 9387 9418 
845 0 4 7 9175 9254 9421 
886 1 7 3 9463 0 0 
861 0 4 6 9242 9418 9470 
780 1 3 3 8385 9002 9470 
810 0 1 2 8810 8819 9477 
856 0 4 0 9222 9366 9479 
776 1 2 5 8480 8789 9485 
862 0 4 4 9246 9428 9494 
849 0 4 7 9189 9295 9496 
890 1 7 3 9542 0 0 
798 1 3 3 8614 9053 9545 
779 1 2 2 8495 8830 9552 
872 0 5 0 9251 9529 9554 
881 0 5 6 9375 9550 9560 
812 0 5 5 8833 8840 9560 
868 0 1 4 9188 9448 9569 
857 0 4 7 9226 9376 9571 
894 1 7 0 9598 0 0 
809 1 3 3 8777 9103 9620 
826 0 5 2 9034 9043 9627 
892 0 1 0 9554 9560 9630 
721 1 6 5 8089 8860 9635 
887 0 1 4 9478 9499 9644 
871 0 1 7 9243 9459 9646 
898 1 7 4 9651 0 0 
864 1 3 6 9130 9660 9670 
813 1 3 3 8852 9113 9695 
805 1 3 2 8723 9083 9702 
891 0 5 0 9544 9590 9705 
815 0 5 5 8873 8881 9711 
876 0 5 4 9320 9539 9719 
903 1 7 4 9721 0 0 
901 0 1 1 9705 9711 9721 
875 0 1 7 9309 9469 9722 
900 0 1 6 9665 9670 9746 
833 0 4 3 9123 9133 9770 
834 0 4 2 9129 9143 9777 
825 1 3 0 9028 9640 9780 
725 1 3 5 8012 8901 9786 
867 1 3 4 9187 9691 9794 
879 0 1 7 9364 9479 9797 
908 1 7 7 9798 0 0 
873 1 3 6 9267 9701 9821 
910 0 1 1 9813 9823 9833 
837 0 4 3 9141 9173 9846 
841 0 4 2 9157 9213 9853 
899 0 5 0 9662 9680 9855 
822 0 5 5 8975 8982 9861 
889 1 3 4 9505 9772 9869 
869 0 5 7 9202 9519 9872 
877 1 3 6 9321 9721 9896 
842 0 4 3 9162 9224 9921 
853 0 4 2 9207 9336 9928 
905 0 1 0 9754 9762 9930 
789 1 3 5 8488 9022 9936 
902 1 3 4 9706 9813 9945 
895 0 1 7 9604 9610 9947 
918 0 0 1 9946 9955 9965 
880 1 3 6 9365 9731 9971 
855 0 4 3 9218 9356 9996 
865 0 5 2 9148 9509 10003 
893 1 3 0 9563 9782 10005 
851 0 4 5 9198 9315 10011 
906 1 3 4 9762 9833 10020 
829 1 3 7 9070 9650 10022 
884 1 3 6 9429 9752 10046 
859 0 4 3 9235 9397 10071 
907 0 5 2 9789 9792 10078 
909 1 3 0 9811 9843 10080 
863 0 4 5 9251 9438 10086 
171 1 7 4 2314 9884 10095 
904 0 5 7 9734 9741 10097 
912 1 3 6 9861 9874 10122 
860 0 4 3 9238 9407 10146 
916 1 3 2 9911 9914 10153 
167 1 7 0 2267 9853 10155 
885 0 1 5 9429 9489 10162 
178 1 7 4 2416 9935 10170 
921 0 0 7 9957 9986 10172 
965 1 7 3 10191 0 0 
924 0 0 6 9969 10016 10197 
817 1 3 3 8904 9600 10221 
182 1 7 2 2470 9945 10229 
175 1 7 0 2373 9925 10231 
883 0 5 5 9416 9570 10237 
930 0 0 4 9995 10077 10245 
927 0 0 7 9981 10047 10247 
969 1 7 4 10252 0 0 
925 0 0 6 9972 10027 10272 
823 1 3 3 8980 9630 10296 
972 1 7 2 10301 0 0 
919 0 0 2 9950 9965 10304 
929 0 0 0 9990 10067 10306 
888 0 5 5 9495 9580 10312 
967 0 1 1 10204 10309 10320 
936 0 0 4 10023 10138 10320 
931 0 0 7 10000 10087 10323 
928 0 0 6 9986 10057 10347 
923 0 0 3 9965 10006 10372 
977 1 7 6 10376 0 0 
922 0 0 2 9962 9996 10379 
941 0 0 0 10047 10188 10381 
896 0 5 5 9605 9620 10387 
974 0 1 1 10318 10330 10395 
939 0 0 4 10038 10168 10396 
932 0 0 7 10005 10097 10398 
933 0 0 6 10010 10108 10422 
982 1 7 6 10430 0 0 
947 0 0 3 10068 10249 10447 
940 0 0 2 10042 10178 10454 
946 0 0 0 10065 10239 10456 
897 1 3 5 9633 9803 10462 
950 1 3 1 9960 10453 10470 
944 0 0 4 10058 10219 10471 
935 0 0 7 10018 10128 10473 
986 1 7 6 10484 0 0 
934 0 0 6 10015 10118 10497 
962 0 1 3 10146 10299 10522 
943 0 0 2 10054 10208 10529 
949 0 1 0 9950 10269 10531 
911 0 5 5 9856 9864 10538 
968 1 3 1 10237 10504 10545 
957 0 5 4 10069 10360 10546 
942 0 0 7 10051 10198 10548 
990 1 7 2 10553 0 0 
938 0 0 6 10032 10158 10573 
994 1 7 2 10597 0 0 
978 1 3 3 10387 10555 10598 
945 0 0 2 10061 10229 10605 
951 0 5 0 9970 10340 10606 
914 0 1 5 9884 9894 10613 
985 1 3 1 10478 10575 10620 
966 0 5 4 10202 10391 10621 
975 0 5 7 10337 10422 10623 
948 0 0 6 10072 10259 10648 
954 0 1 2 10022 10279 10680 
953 0 5 0 10018 10350 10682 
915 0 5 5 9898 9904 10688 
991 0 5 1 10583 10595 10695 
979 0 1 4 10395 10401 10696 
970 0 1 6 10263 10320 10723 
984 0 5 2 10473 10483 10755 
960 0 5 0 10110 10371 10757 
1036 0 1 3 10739 10747 10757 
920 0 0 5 9954 9975 10763 
191 1 7 1 2600 10636 10770 
958 1 3 4 10086 10473 10771 
1003 1 6 7 10732 10767 10777 
971 0 5 6 10273 10412 10798 
976 1 3 2 10346 10544 10830 
989 1 3 0 10541 10605 10832 
926 0 0 5 9978 10037 10838 
973 1 3 4 10305 10534 10846 
1006 1 6 7 10744 10818 10852 
1008 1 6 3 10752 10859 10869 
955 1 3 6 10023 10463 10873 
993 1 3 2 10595 10616 10905 
995 0 5 0 10648 10656 10907 
1048 0 5 1 10898 10899 10909 
937 0 0 5 10028 10148 10914 
992 0 1 4 10584 10585 10922 
1009 1 6 3 10755 10869 10944 
964 1 3 6 10162 10493 10948 
194 1 7 2 2645 10646 10980 
997 1 3 0 10663 10677 10982 
1011 1 6 1 10764 10909 10984 
959 0 1 5 10096 10289 10989 
186 1 7 4 2526 10626 10997 
1055 1 7 3 11019 0 0 
1017 1 6 3 10788 10990 11019 
988 0 5 6 10520 10524 11023 
196 1 7 2 2698 10687 11055 
1004 1 6 0 10735 10777 11057 
1049 0 1 1 10937 10939 11059 
1021 1 6 7 10805 11050 11061 
963 0 5 5 10157 10381 11064 
200 1 7 4 2741 10697 11072 
1060 1 7 6 11089 0 0 
1019 1 6 3 10797 11030 11094 
981 1 3 6 10429 10565 11099 
999 1 3 2 10706 10707 11131 
1012 1 6 0 10769 10919 11132 
1053 0 1 1 11001 11010 11134 
1063 1 7 5 11138 0 0 
980 0 5 5 10398 10432 11139 
1007 1 6 4 10748 10828 11147 
1058 0 5 3 11066 11071 11169 
1001 1 6 6 10724 10737 11174 
204 1 7 2 2790 10717 11206 
1015 1 6 0 10781 10970 11207 
1054 0 5 1 11009 11020 11209 
1068 1 7 5 11212 0 0 
983 0 1 5 10436 10442 11214 
1043 0 1 4 10831 10839 11223 
1025 1 6 3 10823 11112 11244 
1040 0 1 6 10786 10787 11249 
1073 1 7 1 11269 0 0 
1071 0 1 7 11257 11264 11274 
1002 1 6 2 10729 10757 11281 
1027 1 6 0 10834 11142 11283 
1061 0 1 1 11113 11122 11285 
987 0 1 5 10513 10514 11290 
1010 1 6 4 10761 10889 11298 
1064 0 5 3 11144 11153 11320 
1039 0 5 6 10784 10797 11324 
1077 1 7 5 11341 0 0 
1005 1 6 2 10740 10808 11356 
1074 0 5 0 11292 11294 11358 
1028 1 6 1 10837 11163 11360 
998 0 1 5 10664 10666 11365 
1013 1 6 4 10774 10929 11373 
1065 1 3 7 11177 11366 11376 
1080 1 7 1 11387 0 0 
1029 1 6 3 10841 11173 11395 
1045 0 1 6 10875 10879 11399 
1042 0 5 2 10829 10849 11432 
1075 0 1 0 11313 11315 11433 
1066 0 1 1 11179 11183 11435 
1035 0 5 5 10727 10727 11440 
1084 1 7 6 11447 0 0 
1044 1 3 4 10837 11284 11448 
1083 1 3 7 11444 11448 11458 
1030 1 6 3 10845 11203 11470 
1050 0 5 6 10940 10950 11475 
1016 1 6 2 10785 10980 11507 
1081 0 1 0 11393 11397 11508 
1038 1 3 1 10776 11274 11510 
1014 1 6 5 10778 10960 11515 
1069 1 3 4 11218 11386 11523 
1070 0 5 3 11231 11233 11545 
1018 1 6 6 10792 11000 11550 
225 1 7 7 3102 11550 11560 
1020 1 6 2 10802 11040 11582 
1082 0 5 0 11419 11427 11584 
1047 1 3 1 10887 11305 11586 
1023 1 6 5 10814 11091 11590 
1085 0 1 4 11450 11458 11599 
1052 1 3 3 10966 11325 11620 
1057 0 1 6 11055 11061 11625 
228 1 7 7 3176 11560 11635 
1031 1 6 2 10849 11213 11658 
1094 0 5 0 11586 11590 11659 
1072 1 3 1 11268 11407 11661 
1024 1 6 5 10819 11102 11666 
208 1 7 4 2856 11478 11674 
1078 0 5 3 11367 11376 11696 
1022 1 6 6 10810 11081 11700 
1033 1 6 2 10856 11243 11733 
233 1 7 0 3242 11600 11734 
1079 1 3 1 11386 11438 11736 
212 1 7 5 2932 11489 11741 
219 1 7 4 3026 11540 11749 
1103 0 1 7 11740 11743 11753 
1076 1 3 3 11327 11417 11771 
1026 1 6 6 10828 11132 11775 
1087 1 3 2 11489 11499 11808 
1096 0 1 0 11619 11621 11809 
1091 1 3 1 11569 11570 11811 
216 1 7 5 2974 11519 11816 
241 1 7 4 3373 11631 11824 
1142 0 4 7 11769 11783 11828 
1086 0 5 3 11464 11468 11846 
1067 0 5 6 11191 11193 11851 
1088 0 1 2 11509 11509 11883 
248 1 7 0 3500 11682 11884 
237 1 7 1 3295 11610 11886 
245 1 7 5 3442 11651 11891 
1097 1 3 4 11637 11641 11899 
1106 1 2 3 11755 11763 11921 
1032 1 6 6 10853 11223 11926 
