1 0 0 6 5643 5643 5653 
37 0 1 3 5643 5653 5663 
38 1 2 2 5643 5663 5673 
72 1 3 1 5643 5673 5683 
112 1 6 4 5643 5703 5713 
2 0 0 6 5650 5723 5733 
73 0 4 3 5643 5683 5738 
147 0 1 5 5690 5733 5744 
150 1 3 2 5700 5754 5764 
74 0 4 7 5648 5764 5774 
146 1 7 4 5643 5713 5788 
149 1 7 1 5696 5794 5804 
113 1 6 6 5650 5784 5809 
111 0 5 3 5643 5693 5813 
148 0 5 5 5691 5774 5819 
40 1 2 1 5653 5824 5879 
154 1 3 6 5767 5834 5884 
152 1 7 2 5756 5875 5885 
39 1 2 3 5648 5744 5888 
3 0 0 5 5655 5804 5894 
153 0 5 1 5758 5855 5954 
114 1 6 6 5654 5865 5959 
75 0 4 3 5651 5845 5963 
155 1 7 0 5802 5955 5966 
151 0 1 5 5751 5814 5969 
76 0 4 1 5655 5925 6029 
156 0 1 6 5802 5895 6034 
41 1 2 3 5656 5905 6038 
77 0 4 0 5659 6006 6041 
4 0 0 5 5658 5885 6044 
163 0 1 4 5902 6056 6066 
158 0 5 1 5826 5935 6104 
157 1 3 6 5818 5915 6109 
42 1 2 3 5660 5986 6114 
166 0 5 0 5959 6096 6116 
115 1 6 5 5657 5945 6119 
165 1 7 7 5930 6117 6127 
78 0 4 4 5663 6086 6141 
159 0 1 1 5857 5976 6179 
116 1 6 6 5660 6026 6184 
160 1 3 3 5862 5996 6189 
167 0 1 0 5968 6137 6191 
5 0 0 5 5663 5966 6194 
44 1 2 4 5668 6147 6216 
161 1 7 1 5871 6036 6255 
117 1 6 6 5665 6106 6259 
162 0 5 3 5885 6016 6264 
118 1 6 0 5670 6187 6266 
119 1 6 2 5675 6268 6278 
79 0 4 4 5666 6167 6291 
9 0 0 7 5676 6288 6298 
6 0 0 1 5667 6046 6330 
7 0 0 6 5670 6127 6334 
43 1 2 3 5663 6066 6339 
172 1 7 0 6040 6278 6341 
177 0 5 2 6099 6338 6353 
169 0 5 4 6003 6177 6367 
164 1 3 1 5925 6076 6405 
170 1 3 6 6004 6157 6409 
81 0 4 3 5675 6328 6414 
175 0 1 0 6074 6298 6416 
176 1 7 2 6090 6359 6428 
171 0 1 4 6015 6217 6442 
80 0 4 1 5670 6248 6480 
168 1 7 6 5972 6197 6484 
120 1 6 3 5680 6348 6489 
82 0 4 2 5680 6409 6503 
45 1 2 4 5671 6227 6517 
173 0 5 1 6044 6258 6555 
8 0 0 6 5673 6207 6559 
183 1 3 3 6178 6399 6564 
189 1 3 5 6286 6561 6571 
121 1 6 2 5685 6429 6578 
190 0 5 0 6288 6581 6591 
10 0 0 4 5679 6369 6592 
179 1 3 1 6136 6318 6630 
174 1 3 6 6060 6238 6634 
180 1 7 3 6165 6439 6639 
182 0 1 2 6171 6460 6653 
195 1 3 0 6361 6641 6666 
178 0 1 4 6117 6379 6667 
184 1 7 1 6218 6520 6705 
46 1 2 6 5674 6308 6710 
83 0 4 3 5684 6490 6714 
185 1 3 2 6220 6480 6728 
193 0 5 0 6338 6662 6741 
47 1 2 4 5677 6389 6742 
86 0 4 7 5696 6732 6742 
123 1 6 1 5692 6591 6780 
15 0 0 5 5698 6773 6783 
12 0 0 6 5685 6530 6785 
187 0 5 3 6234 6500 6790 
122 1 6 2 5688 6510 6803 
14 0 0 0 5695 6692 6816 
181 0 5 4 6168 6419 6817 
202 1 3 7 6478 6803 6818 
188 1 7 1 6263 6601 6855 
203 0 5 5 6485 6823 6858 
85 0 4 6 5692 6651 6860 
49 1 2 3 5685 6550 6865 
194 0 1 2 6347 6702 6879 
198 0 5 0 6412 6742 6892 
11 0 0 4 5682 6449 6892 
87 0 4 7 5700 6813 6893 
191 0 1 1 6302 6621 6930 
192 1 7 6 6334 6682 6935 
84 0 4 3 5688 6571 6940 
125 1 6 2 5702 6752 6954 
197 0 1 0 6399 6783 6967 
48 1 2 4 5682 6470 6968 
205 0 1 7 6505 6946 6968 
50 1 2 1 5690 6631 7006 
199 1 3 6 6413 6722 7010 
16 0 0 3 5702 6854 7015 
196 1 7 2 6397 6763 7029 
53 1 2 0 5703 6875 7042 
186 0 1 4 6228 6540 7043 
54 1 2 7 5706 6956 7043 
124 1 6 1 5697 6672 7081 
126 1 6 6 5707 6833 7086 
211 0 1 3 6580 7026 7090 
212 1 7 5 6632 7086 7096 
204 1 7 2 6490 6925 7104 
206 1 3 0 6533 6885 7117 
13 0 0 4 5690 6611 7118 
210 1 3 7 6580 6966 7118 
52 1 2 1 5700 6793 7156 
90 0 4 6 5712 7056 7161 
129 1 6 3 5720 7076 7165 
130 1 6 5 5726 7159 7172 
55 1 2 2 5711 7036 7179 
214 1 3 0 6653 7046 7192 
51 1 2 4 5695 6712 7193 
215 0 1 7 6654 7107 7194 
201 0 1 1 6443 6864 7231 
213 0 5 6 6647 7066 7236 
91 0 4 3 5715 7138 7240 
216 1 7 5 6674 7169 7247 
92 0 4 2 5719 7220 7254 
200 1 7 4 6440 6844 7268 
20 0 0 7 5722 7179 7269 
21 0 0 0 5725 7261 7271 
209 0 5 1 6578 6986 7306 
218 0 5 6 6703 7148 7311 
58 1 2 3 5724 7282 7316 
221 0 5 2 6759 7231 7329 
88 0 4 4 5704 6895 7343 
132 1 6 7 5734 7323 7344 
22 0 0 5 5730 7343 7353 
128 1 6 1 5715 6996 7381 
93 0 4 3 5723 7302 7391 
131 1 6 2 5730 7241 7405 
207 0 5 4 6536 6905 7419 
225 1 7 7 6802 7333 7419 
23 0 0 0 5734 7424 7434 
18 0 0 1 5712 7016 7456 
224 0 5 3 6800 7313 7466 
223 0 1 2 6771 7271 7480 
235 0 5 5 6956 7474 7484 
127 1 6 4 5710 6915 7494 
229 0 5 7 6880 7393 7494 
134 1 6 0 5741 7484 7509 
19 0 0 1 5718 7096 7532 
61 1 2 6 5737 7524 7534 
231 1 3 3 6902 7373 7541 
59 1 2 2 5728 7363 7555 
24 0 0 5 5737 7504 7559 
17 0 0 4 5707 6936 7569 
228 1 7 7 6875 7413 7570 
233 1 7 0 6941 7494 7584 
234 1 3 1 6951 7454 7607 
238 1 3 6 7017 7534 7610 
94 0 4 3 5727 7383 7617 
60 1 2 2 5732 7444 7630 
239 0 5 5 7026 7555 7634 
89 0 4 4 5709 6976 7644 
230 0 1 7 6886 7434 7645 
96 0 4 0 5736 7545 7659 
237 1 7 1 6994 7576 7682 
133 1 6 3 5737 7403 7692 
63 1 2 2 5744 7688 7705 
25 0 0 5 5742 7586 7710 
98 0 4 6 5744 7709 7719 
208 1 7 4 6556 7006 7720 
232 0 1 7 6937 7514 7720 
97 0 4 0 5740 7627 7735 
62 1 2 1 5741 7606 7757 
95 0 4 3 5732 7464 7767 
246 1 3 2 7153 7699 7780 
243 1 3 5 7091 7617 7785 
137 1 6 6 5750 7729 7794 
56 1 2 4 5715 7117 7795 
236 0 1 7 6986 7596 7795 
248 1 7 0 7200 7821 7831 
99 0 4 1 5750 7791 7832 
138 1 6 3 5755 7811 7842 
244 0 1 2 7136 7760 7856 
247 0 5 5 7164 7719 7860 
251 0 5 6 7236 7801 7869 
217 1 3 4 6698 7127 7870 
242 0 5 7 7084 7637 7870 
250 0 1 1 7210 7841 7907 
65 1 2 3 5754 7852 7917 
64 1 2 2 5750 7770 7931 
245 1 7 5 7142 7739 7935 
28 0 0 6 5755 7831 7944 
220 0 1 4 6730 7190 7945 
240 0 1 7 7066 7678 7946 
140 1 6 0 5761 7973 7983 
254 0 1 2 7266 7923 8006 
27 0 0 5 5750 7750 8010 
256 0 5 6 7310 7882 8019 
57 1 2 4 5720 7200 8020 
249 1 3 7 7202 7780 8021 
258 0 1 0 7338 8003 8058 
30 0 0 2 5762 7993 8081 
139 1 6 5 5758 7893 8086 
101 0 4 6 5760 7953 8095 
222 1 3 4 6760 7210 8095 
29 0 0 7 5758 7913 8096 
31 0 0 0 5767 8074 8133 
142 1 6 3 5769 8135 8145 
262 0 1 2 7408 8084 8156 
253 1 7 5 7259 7903 8161 
260 1 7 6 7362 8064 8170 
219 1 7 4 6726 7251 8170 
266 0 5 7 7456 8044 8171 
267 0 1 1 7478 8165 8175 
268 1 3 0 7488 8186 8209 
68 1 2 2 5765 8094 8231 
257 1 3 5 7313 7943 8236 
265 1 7 3 7451 8227 8237 
269 0 5 6 7497 8125 8245 
227 1 3 4 6831 7292 8246 
264 1 3 7 7423 8104 8246 
143 1 6 1 5773 8216 8250 
263 1 7 2 7411 8145 8306 
32 0 0 5 5770 8155 8311 
276 0 5 3 7603 8288 8312 
270 1 7 0 7506 8308 8318 
226 0 1 4 6812 7353 8321 
33 0 0 7 5775 8237 8321 
34 0 0 6 5780 8318 8328 
272 0 1 2 7537 8247 8381 
104 0 4 5 5774 8196 8386 
144 1 6 3 5778 8298 8387 
135 1 6 4 5744 7565 8396 
71 1 2 7 5778 8338 8396 
280 0 5 6 7645 8369 8403 
281 0 1 1 7660 8409 8419 
277 0 1 2 7611 8328 8456 
273 0 5 5 7547 8206 8461 
274 1 7 3 7562 8389 8462 
136 1 6 4 5747 7647 8471 
145 1 6 2 5782 8379 8532 
105 0 4 5 5779 8278 8536 
241 1 7 4 7073 7658 8546 
26 0 0 4 5745 7668 8623 
252 1 3 4 7248 7862 8698 
100 0 4 4 5755 7872 8773 
66 1 2 4 5758 7933 8848 
261 0 5 4 7389 7963 8923 
255 1 7 4 7307 7983 8998 
441 1 2 0 9063 9063 9073 
67 1 2 4 5762 8014 9073 
107 0 4 6 5786 9083 9093 
285 0 5 1 7702 9093 9103 
279 1 3 0 7637 9073 9148 
259 1 3 4 7359 8024 9148 
102 0 4 4 5765 8034 9226 
141 1 6 4 5766 8054 9301 
103 0 4 4 5769 8114 9376 
69 1 2 4 5770 8175 9451 
70 1 2 4 5775 8257 9526 
503 1 6 1 9526 9526 9536 
278 1 7 2 7620 9536 9546 
36 0 0 5 5788 9546 9556 
108 0 4 3 5789 9587 9597 
271 1 3 4 7532 8267 9602 
290 0 5 7 7775 9597 9607 
284 0 1 1 7701 9556 9611 
504 1 6 5 9529 9607 9631 
358 0 0 2 8816 9627 9637 
275 1 3 4 7592 8349 9677 
288 0 1 7 7754 9637 9682 
283 1 3 1 7680 9577 9686 
282 1 7 5 7674 9617 9707 
505 1 6 2 9532 9687 9712 
359 0 0 0 8819 9708 9718 
106 0 4 4 5782 8359 9752 
443 1 2 1 9069 9647 9762 
506 1 6 7 9535 9768 9778 
289 1 3 5 7773 9738 9782 
294 0 1 2 7834 9718 9787 
35 0 0 4 5784 8399 9827 
286 1 3 1 7728 9657 9837 
400 0 4 0 8956 9829 9839 
300 0 5 6 7933 9839 9849 
296 0 5 5 7890 9758 9857 
445 1 2 2 9078 9809 9862 
302 0 1 7 7968 9879 9889 
442 1 2 4 9066 9566 9902 
293 0 5 1 7834 9677 9912 
297 1 3 6 7897 9899 9924 
360 0 0 5 8824 9788 9932 
292 1 3 2 7834 9819 9937 
362 0 0 3 8830 9950 9960 
109 0 4 4 5792 9667 9977 
287 1 7 1 7747 9698 9987 
402 0 4 7 8964 9990 10000 
295 1 7 5 7840 9859 10007 
401 0 4 2 8959 9910 10012 
509 1 6 0 9548 10010 10020 
308 0 1 3 8047 9960 10035 
110 0 4 4 5797 9748 10052 
444 1 2 1 9073 9728 10062 
446 1 2 5 9082 9889 10082 
303 0 5 2 7987 9920 10088 
448 1 2 3 9088 10051 10110 
307 1 7 6 8044 10101 10111 
364 0 0 7 8839 10111 10121 
291 1 7 4 7791 9778 10127 
298 0 1 1 7903 9799 10137 
447 1 2 5 9085 9970 10157 
363 0 0 2 8836 10030 10163 
511 1 6 0 9555 10172 10182 
311 1 7 6 8101 10182 10192 
315 0 1 7 8150 10121 10196 
507 1 6 4 9539 9849 10202 
361 0 0 1 8827 9869 10212 
301 1 3 5 7962 9980 10232 
312 0 5 2 8113 10081 10238 
365 0 0 6 8842 10192 10267 
309 1 3 7 8090 10141 10271 
508 1 6 4 9545 9930 10277 
299 1 7 1 7918 9940 10287 
323 0 1 0 8299 10283 10293 
403 0 4 5 8968 10071 10307 
319 0 1 2 8225 10202 10313 
405 0 4 6 8977 10232 10342 
404 0 4 7 8973 10152 10347 
304 1 7 4 7990 10020 10353 
306 0 5 1 8044 10000 10362 
406 0 4 0 8981 10313 10368 
510 1 6 5 9552 10091 10382 
317 1 3 2 8195 10303 10388 
512 1 6 7 9559 10252 10422 
514 1 6 3 9569 10414 10424 
316 0 5 4 8163 10162 10428 
310 0 1 1 8093 10041 10437 
322 1 7 0 8263 10424 10443 
449 1 2 5 9092 10131 10458 
318 1 7 2 8204 10343 10463 
366 0 0 7 8845 10273 10497 
334 0 1 3 8455 10444 10499 
450 1 2 4 9096 10212 10503 
305 1 3 1 8030 10061 10512 
515 1 6 0 9573 10495 10518 
451 1 2 5 9100 10293 10533 
338 0 1 6 8528 10525 10535 
367 0 0 2 8849 10353 10538 
452 1 2 7 9104 10374 10572 
326 1 3 3 8319 10464 10575 
320 0 5 4 8236 10242 10578 
313 1 3 1 8140 10222 10588 
369 0 0 0 8856 10515 10593 
513 1 6 5 9564 10333 10608 
453 1 2 2 9109 10454 10613 
342 0 1 6 8576 10608 10618 
327 0 5 7 8359 10404 10647 
330 1 7 3 8386 10587 10650 
314 1 7 4 8141 10263 10653 
325 0 5 1 8312 10323 10663 
454 1 2 0 9114 10535 10669 
368 0 0 5 8853 10434 10683 
408 0 4 2 8987 10475 10689 
371 0 0 6 8864 10679 10693 
324 1 7 7 8306 10505 10723 
370 0 0 3 8861 10597 10725 
328 0 1 4 8376 10364 10728 
321 1 3 1 8252 10384 10738 
409 0 4 0 8990 10556 10744 
337 0 5 5 8497 10566 10758 
329 1 3 2 8377 10545 10764 
372 0 0 6 8867 10761 10771 
411 0 4 7 8996 10720 10798 
455 1 2 3 9119 10618 10800 
407 0 4 4 8984 10394 10804 
336 1 7 1 8494 10751 10814 
456 1 2 0 9124 10700 10819 
332 1 3 5 8444 10628 10833 
516 1 6 2 9578 10577 10839 
341 1 7 6 8552 10833 10846 
343 0 5 7 8613 10730 10873 
410 0 4 3 8993 10638 10875 
331 0 5 4 8437 10485 10879 
373 0 0 1 8872 10843 10889 
347 0 5 0 8682 10812 10894 
340 0 5 5 8551 10649 10909 
346 0 1 2 8630 10689 10914 
344 1 3 6 8619 10873 10922 
517 1 6 3 9581 10659 10951 
352 0 1 1 8753 10853 10964 
413 0 4 0 9005 10883 10969 
335 1 3 5 8490 10710 10984 
518 1 6 2 9584 10740 10990 
521 1 6 4 9597 10985 10995 
349 1 3 6 8698 10954 10997 
333 1 7 3 8446 10669 11026 
356 0 1 1 8805 10934 11039 
375 0 0 0 8880 11005 11044 
457 1 2 5 9127 10781 11059 
350 0 1 2 8708 10771 11065 
392 0 5 4 8870 11055 11070 
355 0 5 6 8801 10974 11072 
519 1 6 3 9589 10822 11101 
351 1 7 1 8742 11075 11114 
390 0 1 0 8846 11015 11119 
339 1 3 5 8546 10792 11134 
412 0 4 2 9001 10802 11140 
348 1 7 6 8692 10995 11147 
458 1 2 3 9130 10863 11176 
522 1 6 0 9602 11065 11195 
462 1 2 1 9143 11186 11196 
353 0 5 5 8755 10893 11209 
459 1 2 2 9134 10944 11215 
523 1 6 6 9607 11146 11222 
345 1 7 3 8620 10914 11251 
376 0 0 0 8883 11085 11270 
463 1 2 7 9146 11267 11277 
520 1 6 5 9592 10903 11284 
415 0 4 2 9012 11045 11290 
377 0 0 6 8887 11166 11297 
374 0 0 3 8877 10924 11326 
395 1 7 4 8902 11317 11327 
393 1 3 0 8873 11196 11345 
418 0 4 7 9023 11287 11352 
460 1 2 5 9137 11025 11359 
461 1 2 2 9140 11106 11365 
378 0 0 6 8892 11247 11372 
414 0 4 3 9009 10964 11401 
526 1 6 7 9621 11388 11427 
478 0 1 0 9168 11418 11428 
354 1 3 5 8768 11035 11434 
416 0 4 2 9017 11126 11440 
396 1 3 6 8917 11277 11447 
394 0 1 3 8890 11096 11476 
439 1 7 7 9022 11478 11502 
465 1 2 0 9154 11428 11503 
389 1 3 5 8826 11116 11509 
397 0 5 2 8938 11136 11515 
525 1 6 6 9616 11307 11522 
475 1 3 1 9131 11518 11528 
357 1 7 3 8814 11156 11551 
481 0 5 0 9194 11458 11578 
382 0 0 4 8907 11569 11579 
398 0 1 5 8943 11176 11584 
524 1 6 2 9613 11226 11590 
477 0 5 6 9144 11378 11597 
438 0 1 3 9021 11257 11627 
529 1 6 1 9633 11629 11639 
482 0 1 0 9213 11498 11653 
486 0 1 4 9275 11579 11654 
417 0 4 5 9020 11206 11659 
473 0 5 2 9089 11297 11665 
466 1 2 6 9157 11508 11672 
436 1 3 3 8993 11357 11702 
468 1 2 1 9165 11670 11714 
530 1 6 7 9638 11710 11720 
483 0 5 0 9246 11538 11728 
437 0 5 5 9013 11216 11734 
379 0 0 2 8896 11327 11740 
422 0 4 6 9040 11609 11747 
420 0 4 3 9032 11448 11777 
480 1 7 1 9186 11720 11789 
495 0 1 7 9415 11740 11795 
490 0 1 0 9340 11659 11804 
391 1 7 5 8855 11237 11809 
485 1 7 4 9253 11800 11811 
474 0 1 2 9095 11337 11815 
476 1 7 6 9142 11639 11823 
381 0 0 3 8903 11488 11852 
424 0 4 1 9047 11770 11865 
531 1 6 7 9642 11790 11870 
469 1 2 0 9168 11750 11879 
464 1 2 5 9149 11347 11885 
501 0 5 4 9491 11862 11886 
419 0 4 2 9028 11367 11891 
384 0 0 6 8916 11730 11898 
421 0 4 3 9035 11528 11927 
497 1 3 1 9429 11922 11940 
470 1 2 7 9172 11831 11945 
542 0 5 0 9546 11943 11954 
399 1 7 5 8950 11398 11960 
380 0 0 2 8900 11408 11966 
489 1 3 6 9324 11760 11973 
492 1 7 4 9353 11963 11973 
479 1 3 3 9174 11599 12002 
543 0 1 1 9582 11983 12015 
387 0 0 0 8929 11973 12029 
440 1 3 5 9061 11438 12035 
472 1 7 2 9082 11559 12041 
385 0 0 6 8921 11811 12048 
488 0 5 3 9310 11619 12077 
527 1 6 5 9625 11468 12110 
467 1 2 2 9160 11589 12116 
493 1 3 6 9367 11841 12123 
427 0 4 1 9061 12142 12152 
383 0 0 3 8911 11649 12153 
546 0 5 7 9624 12152 12162 
528 1 6 5 9629 11549 12185 
484 1 3 2 9253 11680 12191 
388 0 0 4 8933 12182 12192 
532 1 6 6 9647 11872 12198 
534 1 6 1 9655 12162 12227 
423 0 4 3 9043 11690 12228 
491 0 5 5 9353 11700 12261 
498 0 1 2 9457 11821 12266 
428 0 4 4 9066 12222 12267 
487 1 7 6 9304 11882 12273 
719 1 2 0 12129 12283 12293 
541 1 3 1 9544 12212 12302 
386 0 0 3 8924 11892 12303 
496 0 5 5 9424 11780 12336 
718 1 2 2 12125 12202 12341 
535 1 6 4 9659 12243 12342 
502 0 1 6 9524 11902 12348 
555 0 1 1 9746 12354 12377 
426 0 4 3 9056 11933 12378 
558 0 5 7 9787 12394 12404 
425 0 4 5 9052 11851 12411 
499 1 7 2 9467 12253 12416 
551 0 1 4 9705 12273 12417 
471 1 2 6 9176 11912 12423 
548 1 3 1 9645 12374 12452 
533 1 6 3 9650 11953 12453 
560 0 5 0 9832 12475 12485 
717 1 2 5 12122 12122 12486 
757 0 0 2 12178 12263 12491 
545 1 3 4 9600 12293 12492 
547 0 1 6 9625 12192 12499 
759 0 0 1 12185 12424 12527 
550 0 5 3 9702 12232 12528 
722 1 2 7 12141 12525 12535 
500 1 3 5 9481 12132 12561 
758 0 0 2 12181 12344 12567 
540 1 7 4 9534 12333 12567 
429 0 4 6 9070 12303 12574 
721 1 2 1 12138 12445 12602 
554 0 5 3 9743 12313 12603 
564 0 1 0 9884 12596 12606 
557 1 3 7 9781 12535 12611 
494 1 7 5 9412 12172 12636 
720 1 2 2 12133 12364 12642 
539 1 6 4 9676 12566 12643 
537 1 6 6 9668 12404 12649 
431 0 4 3 9077 12465 12678 
723 1 2 7 12146 12606 12686 
536 1 6 5 9664 12323 12711 
430 0 4 2 9073 12384 12717 
433 0 4 4 9085 12627 12718 
538 1 6 6 9671 12485 12724 
825 1 6 1 12720 12720 12730 
432 0 4 3 9081 12546 12753 
563 1 3 7 9855 12617 12761 
559 0 1 5 9796 12434 12786 
544 1 7 2 9597 12414 12792 
565 0 5 6 9892 12556 12799 
552 1 7 3 9718 12576 12828 
763 0 0 0 12200 12821 12831 
569 0 5 7 9948 12637 12836 
549 1 7 5 9676 12495 12861 
553 1 3 2 9718 12455 12867 
568 0 1 6 9942 12750 12874 
577 0 5 4 10083 12871 12881 
762 0 0 3 12195 12740 12903 
826 1 6 7 12725 12801 12911 
764 0 0 1 12203 12901 12911 
761 0 0 5 12192 12586 12937 
760 0 0 2 12189 12505 12942 
567 1 3 6 9929 12770 12949 
828 1 6 4 12732 12962 12972 
724 1 2 3 12151 12760 12979 
725 1 2 7 12156 12841 12986 
579 0 5 1 10128 12952 12986 
556 1 7 5 9766 12730 13012 
562 0 1 2 9840 12515 13017 
572 0 5 6 10005 12791 13024 
765 0 0 4 12206 12982 13047 
827 1 6 3 12729 12881 13054 
570 1 7 7 9984 12972 13061 
574 1 7 0 10053 13053 13063 
766 0 0 1 12212 13063 13073 
434 0 4 5 9090 12780 13087 
581 0 1 2 10148 12992 13093 
435 0 4 6 9094 12861 13100 
829 1 6 4 12737 13042 13122 
566 1 7 3 9911 12891 13129 
868 0 4 7 12899 13022 13136 
584 0 1 1 10191 13073 13148 
561 1 7 5 9836 12811 13162 
576 0 1 6 10080 12911 13175 
870 0 4 0 12909 13185 13195 
869 0 4 4 12903 13104 13197 
726 1 2 3 12160 12921 13204 
583 0 5 7 10174 13032 13211 
831 1 6 2 12747 13205 13215 
573 0 1 5 10011 12831 13237 
592 0 1 1 10290 13235 13245 
867 0 4 6 12895 12942 13250 
588 0 1 4 10237 13155 13272 
727 1 2 3 12163 13002 13279 
582 1 7 2 10153 13215 13290 
571 1 3 5 9998 12851 13312 
871 0 4 1 12913 13266 13321 
586 1 3 6 10205 13093 13325 
731 1 2 7 12182 13327 13337 
597 1 3 4 10368 13337 13348 
830 1 6 3 12742 13124 13354 
730 1 2 2 12178 13245 13365 
575 1 3 5 10074 12931 13387 
872 0 4 1 12916 13347 13396 
729 1 2 6 12173 13165 13400 
599 0 1 0 10402 13397 13407 
833 1 6 4 12754 13367 13423 
768 0 0 3 12221 13225 13429 
585 1 7 2 10195 13296 13440 
580 1 3 5 10146 13012 13463 
601 1 3 1 10434 13417 13471 
591 0 5 6 10285 13195 13475 
770 0 0 4 12228 13387 13498 
733 1 2 0 12190 13488 13498 
600 0 5 2 10406 13357 13515 
607 0 5 3 10542 13518 13529 
728 1 2 5 12168 13083 13538 
835 1 6 7 12763 13529 13539 
873 0 4 1 12919 13428 13546 
832 1 6 6 12751 13286 13550 
874 0 4 4 12924 13508 13573 
589 1 7 2 10263 13377 13591 
875 0 4 0 12927 13590 13600 
605 0 1 3 10508 13559 13604 
587 0 5 5 10228 13114 13613 
598 1 7 7 10402 13539 13614 
604 0 5 1 10482 13438 13621 
732 1 2 6 12187 13407 13625 
773 0 0 4 12243 13631 13648 
836 1 6 2 12768 13610 13666 
578 1 7 5 10110 13134 13688 
834 1 6 1 12758 13448 13697 
594 1 7 6 10328 13458 13700 
608 1 7 3 10548 13702 13712 
735 1 2 4 12198 13651 13724 
615 0 5 2 10654 13682 13741 
767 0 0 5 12216 13144 13763 
602 0 1 1 10448 13478 13772 
606 1 3 6 10509 13498 13775 
613 0 1 3 10625 13722 13787 
837 1 6 4 12771 13692 13799 
618 1 3 2 10699 13743 13816 
590 1 3 5 10266 13175 13838 
878 0 4 7 12939 13833 13843 
876 0 4 1 12931 13672 13847 
610 1 3 6 10589 13580 13850 
622 0 5 0 10758 13843 13853 
877 0 4 3 12935 13753 13862 
612 1 7 2 10601 13783 13891 
619 0 1 4 10713 13884 13894 
593 1 3 5 10307 13256 13913 
617 1 7 7 10678 13864 13919 
838 1 6 1 12774 13773 13922 
609 0 1 6 10575 13641 13926 
620 0 5 3 10717 13763 13938 
839 1 6 2 12778 13853 13966 
739 1 2 4 12217 13975 13985 
596 0 5 5 10356 13276 13988 
776 0 0 7 12253 13874 13994 
623 1 3 1 10770 13823 13997 
774 0 0 6 12246 13712 14001 
775 0 0 3 12250 13793 14013 
621 1 7 2 10740 13945 14041 
778 0 0 4 12261 14036 14060 
769 0 0 5 12225 13307 14063 
627 0 5 7 10822 13925 14069 
631 0 5 1 10872 14005 14072 
879 0 4 6 12944 13914 14076 
737 1 2 3 12208 13813 14088 
633 0 5 0 10923 14086 14096 
595 0 1 5 10333 13317 14139 
629 1 7 7 10857 14106 14144 
741 1 2 1 12225 14137 14147 
777 0 0 6 12256 13955 14151 
626 1 3 3 10813 13904 14163 
842 1 6 0 12793 14096 14171 
637 0 5 2 10978 14167 14177 
771 0 0 5 12233 13468 14214 
843 1 6 7 12796 14177 14219 
639 1 3 1 10980 14147 14222 
841 1 6 6 12787 14015 14226 
880 0 4 3 12949 13995 14238 
779 0 0 0 12265 14117 14246 
640 0 1 2 10981 14207 14252 
636 1 7 4 10938 14268 14278 
772 0 0 5 12238 13549 14289 
625 1 7 6 10813 14026 14301 
743 1 2 7 12234 14298 14308 
740 1 2 3 12220 14056 14313 
742 1 2 0 12229 14217 14322 
642 0 5 2 11032 14248 14327 
646 0 5 4 11091 14328 14353 
734 1 2 5 12194 13569 14364 
881 0 4 6 12952 14076 14376 
884 0 4 7 12964 14318 14383 
635 1 3 3 10933 14066 14388 
845 1 6 0 12802 14338 14397 
652 1 3 2 11177 14389 14402 
649 0 5 1 11137 14409 14419 
647 0 1 4 11101 14369 14428 
611 0 5 5 10593 13600 14439 
882 0 4 6 12956 14157 14451 
643 1 3 3 11046 14227 14463 
651 0 1 0 11163 14450 14472 
783 0 0 2 12282 14439 14477 
744 1 2 4 12237 14379 14503 
603 1 7 5 10471 13620 14514 
645 1 7 1 11091 14510 14520 
780 0 0 6 12269 14197 14527 
883 0 4 3 12961 14237 14538 
886 0 4 0 12974 14480 14547 
745 1 2 2 12242 14460 14553 
846 1 6 4 12806 14419 14578 
614 1 3 5 10649 13661 14589 
650 1 7 1 11154 14591 14601 
844 1 6 6 12799 14258 14602 
648 1 3 3 11108 14308 14613 
746 1 2 0 12246 14541 14622 
785 0 0 2 12289 14601 14628 
888 0 4 7 12984 14641 14652 
641 1 7 4 11026 14429 14653 
736 1 2 5 12203 13732 14665 
663 1 3 1 11316 14631 14676 
781 0 0 6 12273 14278 14677 
638 1 7 3 10979 14348 14688 
748 1 2 2 12254 14703 14713 
849 1 6 7 12817 14662 14727 
847 1 6 4 12810 14500 14728 
616 0 1 5 10669 13803 14740 
662 0 1 1 11314 14693 14752 
782 0 0 6 12278 14358 14752 
850 1 6 0 12820 14743 14753 
885 0 4 3 12969 14399 14764 
786 0 0 7 12293 14683 14802 
658 1 3 4 11273 14551 14804 
738 1 2 5 12213 13894 14815 
784 0 0 6 12285 14520 14827 
787 0 0 0 12298 14764 14828 
851 1 6 2 12825 14825 14835 
656 1 3 3 11230 14470 14839 
666 0 1 7 11372 14774 14877 
747 1 2 4 12251 14621 14879 
840 1 6 5 12783 13935 14890 
887 0 4 6 12979 14561 14902 
670 0 1 2 11427 14855 14910 
653 0 5 3 11181 14490 14914 
789 0 0 1 12306 14926 14936 
750 1 2 7 12261 14866 14952 
664 0 5 4 11343 14733 14954 
751 1 2 0 12266 14946 14956 
624 0 1 5 10773 13965 14965 
889 0 4 6 12989 14723 14977 
891 0 4 2 12998 14886 14986 
661 0 5 3 11300 14652 14989 
668 1 7 7 11403 14916 15027 
671 1 3 4 11451 14795 15029 
630 1 3 5 10868 13985 15040 
890 0 4 6 12994 14805 15053 
674 0 1 2 11479 14936 15061 
667 1 3 3 11396 14713 15064 
680 0 5 1 11568 15059 15069 
665 1 7 4 11353 14835 15104 
628 0 1 5 10851 14046 15116 
669 0 5 6 11406 14815 15128 
892 0 4 2 13002 14967 15136 
660 1 7 3 11292 14753 15139 
854 1 6 4 12839 15069 15179 
634 0 1 5 10928 14127 15191 
852 1 6 6 12830 14906 15203 
752 1 2 2 12270 15028 15211 
788 0 0 3 12302 14845 15214 
632 1 7 5 10897 14187 15266 
676 0 5 6 11503 14977 15278 
683 1 3 2 11606 15038 15286 
675 1 3 3 11492 14876 15289 
644 0 1 5 11055 14288 15341 
678 1 7 6 11546 15079 15353 
1071 1 7 3 15355 0 0 
679 1 3 3 11554 14956 15364 
1074 0 1 1 15388 0 0 
654 0 1 5 11221 14531 15416 
1110 1 7 2 15416 0 0 
853 1 6 3 12835 14987 15439 
1113 0 1 5 15460 0 0 
657 0 5 5 11245 14571 15493 
1115 1 7 2 15496 0 0 
1116 0 1 0 15506 0 0 
673 1 7 3 11466 14998 15515 
1120 0 1 4 15567 0 0 
848 1 6 5 12813 14581 15568 
1121 1 7 3 15570 0 0 
1122 1 3 6 15603 0 0 
1123 0 1 0 15615 0 0 
1124 0 5 3 15619 0 0 
1125 1 7 2 15637 0 0 
659 0 1 5 11273 14611 15643 
1126 0 0 6 15643 15643 15653 
