1 0 0 3 2415 2415 2426 
112 1 6 4 2416 2426 2436 
113 1 6 7 2420 2436 2447 
114 1 6 6 2423 2447 2457 
38 1 2 2 2415 2457 2467 
115 1 6 5 2427 2477 2487 
3 0 0 1 2428 2497 2507 
145 1 7 4 2416 2507 2517 
111 0 5 3 2415 2517 2527 
2 0 0 6 2423 2467 2532 
4 0 0 0 2432 2527 2537 
116 1 6 5 2430 2487 2562 
149 0 5 4 2478 2537 2592 
152 0 5 3 2523 2567 2602 
37 0 1 6 2415 2547 2607 
158 0 5 1 2608 2628 2638 
146 0 1 4 2455 2557 2667 
5 0 0 3 2436 2577 2677 
75 0 4 6 2427 2668 2682 
76 0 4 5 2430 2678 2688 
155 0 1 1 2567 2648 2713 
166 0 1 0 2728 2728 2738 
6 0 0 4 2441 2597 2742 
73 0 4 3 2415 2587 2752 
117 1 6 5 2435 2688 2763 
148 1 3 7 2472 2759 2769 
153 1 3 2 2535 2769 2779 
159 0 1 1 2609 2658 2788 
154 0 5 4 2563 2617 2817 
150 0 1 3 2495 2607 2827 
157 1 3 6 2582 2829 2839 
8 0 0 2 2447 2779 2854 
72 1 3 1 2415 2738 2863 
7 0 0 4 2444 2708 2892 
74 0 4 3 2423 2638 2902 
147 1 7 7 2469 2900 2910 
168 0 5 6 2733 2839 2914 
12 0 0 5 2463 2910 2920 
10 0 0 2 2457 2849 2929 
119 1 6 1 2443 2789 2938 
118 1 6 4 2439 2718 2967 
162 0 1 3 2654 2698 2977 
170 0 1 6 2772 2879 2989 
121 1 6 2 2453 2920 3004 
172 0 5 0 2801 2999 3009 
179 0 1 1 2905 2930 3013 
163 0 5 4 2667 2799 3043 
77 0 4 3 2433 2748 3053 
174 0 1 6 2828 2890 3065 
185 0 1 2 2989 2989 3079 
190 0 1 0 3054 3054 3084 
161 1 3 1 2626 3074 3088 
78 0 4 4 2436 2819 3118 
9 0 0 3 2452 2809 3128 
122 1 6 6 2457 3114 3140 
13 0 0 0 2468 3064 3159 
14 0 0 1 2471 3084 3163 
120 1 6 3 2448 2859 3203 
16 0 0 6 2480 3144 3215 
193 0 1 0 3104 3104 3234 
202 0 1 7 3243 3243 3253 
176 0 5 2 2851 3253 3263 
17 0 0 4 2483 3263 3273 
11 0 0 3 2460 2869 3278 
164 1 3 1 2686 3273 3283 
199 0 1 6 3178 3178 3290 
15 0 0 0 2477 3124 3309 
123 1 6 5 2462 3303 3313 
183 0 1 3 2947 2947 3353 
151 1 7 1 2521 3313 3358 
156 1 7 6 2571 3324 3365 
19 0 0 2 2492 3364 3374 
39 1 2 3 2420 3134 3428 
184 0 5 1 2979 3334 3433 
124 1 6 6 2465 3344 3440 
21 0 0 2 2500 3415 3449 
206 0 1 0 3298 3445 3455 
180 0 5 3 2926 3283 3503 
169 1 3 4 2765 3495 3505 
40 1 2 1 2425 3354 3508 
80 0 4 6 2442 3435 3515 
22 0 0 2 2504 3485 3524 
18 0 0 3 2488 3293 3578 
181 1 3 4 2929 3535 3580 
79 0 4 1 2439 3404 3584 
81 0 4 6 2445 3465 3590 
177 1 3 2 2860 3525 3600 
165 1 7 7 2689 3596 3606 
189 1 3 5 3049 3626 3636 
160 1 7 3 2626 3374 3653 
200 0 5 4 3202 3556 3655 
195 1 3 0 3124 3646 3656 
188 0 5 1 3024 3425 3659 
42 1 2 6 2432 3475 3665 
196 0 5 2 3159 3546 3675 
82 0 4 7 2448 3616 3681 
41 1 2 3 2428 3384 3728 
25 0 0 4 2516 3666 3731 
24 0 0 0 2513 3656 3731 
173 1 3 1 2806 3505 3734 
192 0 5 6 3095 3515 3741 
204 0 5 2 3251 3566 3750 
215 0 1 7 3419 3636 3756 
29 0 0 5 2532 3748 3758 
20 0 0 3 2496 3394 3804 
220 0 1 4 3495 3677 3806 
31 0 0 0 2540 3789 3807 
125 1 6 1 2469 3586 3809 
43 1 2 6 2437 3697 3816 
223 0 1 2 3536 3687 3825 
230 0 1 7 3650 3768 3831 
212 0 5 5 3393 3810 3833 
211 0 1 3 3345 3455 3879 
26 0 0 4 2519 3708 3881 
167 1 7 0 2731 3799 3882 
27 0 0 6 2522 3718 3891 
28 0 0 2 2527 3728 3900 
127 1 6 7 2480 3902 3912 
187 1 3 3 2995 3576 3954 
208 0 5 4 3317 3738 3956 
44 1 2 0 2442 3820 3957 
203 1 3 5 3249 3952 3962 
45 1 2 6 2447 3922 3966 
126 1 6 2 2475 3861 3975 
34 0 0 7 2551 3932 3987 
250 0 1 1 3974 4013 4023 
23 0 0 3 2509 3606 4029 
226 0 1 4 3576 3758 4031 
198 1 3 0 3176 3840 4032 
128 1 6 6 2485 3942 4041 
35 0 0 2 2554 3972 4050 
232 0 1 7 3702 3962 4062 
216 0 5 5 3435 4074 4084 
86 0 4 1 2462 4084 4098 
85 0 4 3 2457 4043 4104 
30 0 0 4 2536 3778 4107 
175 1 7 0 2838 3912 4107 
244 0 1 2 3901 4003 4125 
236 0 1 7 3751 3983 4137 
171 1 7 4 2779 3830 4182 
36 0 0 0 2557 4033 4182 
240 0 1 7 3831 3993 4212 
32 0 0 4 2543 3851 4257 
83 0 4 4 2451 3871 4333 
84 0 4 4 2454 3881 4408 
33 0 0 4 2548 3892 4483 
46 1 2 4 2450 4023 4558 
129 1 6 4 2488 4053 4633 
207 1 3 4 3300 4063 4708 
219 0 5 4 3487 4094 4783 
520 0 0 3 6506 6506 6516 
521 0 0 1 6509 6516 6530 
522 0 0 2 6514 6530 6540 
130 1 6 4 2493 6560 6570 
131 1 6 0 2497 6580 6590 
523 0 0 3 6519 6540 6592 
87 0 4 1 2467 6570 6605 
229 0 5 7 3643 6610 6620 
88 0 4 5 2472 6630 6640 
178 1 7 4 2881 6600 6645 
89 0 4 2 2476 6640 6651 
224 0 5 3 3563 6550 6667 
565 1 7 6 6680 0 0 
209 1 3 1 3342 6620 6680 
258 0 1 0 4103 6701 6711 
524 0 0 4 6522 6661 6720 
48 1 2 2 2459 6651 6726 
235 0 5 5 3719 6721 6731 
568 1 7 6 6736 0 0 
47 1 2 3 2455 6590 6742 
91 0 4 1 2486 6711 6755 
133 1 6 0 2506 6772 6786 
90 0 4 4 2481 6671 6795 
254 0 1 2 4030 6681 6801 
526 0 0 6 6531 6792 6802 
573 1 7 5 6805 0 0 
239 0 5 5 3789 6812 6822 
51 1 2 1 2473 6762 6830 
265 0 1 3 4213 6822 6832 
242 0 5 7 3848 6832 6842 
270 0 1 0 4268 6842 6862 
49 1 2 4 2463 6691 6871 
576 1 7 6 6874 0 0 
263 0 1 2 4173 6731 6876 
213 1 3 6 3412 6802 6877 
247 0 5 5 3928 6853 6898 
92 0 4 1 2491 6883 6905 
274 0 1 3 4326 6863 6908 
93 0 4 7 2495 6894 6918 
582 1 7 2 6942 0 0 
50 1 2 4 2468 6741 6946 
132 1 6 2 2502 6751 6951 
218 1 3 6 3468 6914 6952 
94 0 4 5 2498 6904 6973 
52 1 2 3 2476 6955 6983 
96 0 4 7 2506 6985 6996 
525 0 0 4 6527 6782 7021 
527 0 0 2 6536 6873 7026 
251 0 5 6 3999 6925 7028 
588 1 7 4 7031 0 0 
95 0 4 5 2502 6935 7048 
287 0 1 1 4511 7056 7066 
266 0 5 7 4219 7026 7071 
592 1 7 1 7084 0 0 
261 0 5 4 4152 6965 7096 
182 1 7 2 2935 6975 7101 
256 0 5 6 4073 6945 7103 
97 0 4 5 2509 7006 7123 
595 1 7 5 7127 0 0 
276 0 5 3 4368 7147 7157 
53 1 2 4 2482 7016 7171 
278 0 1 2 4384 6996 7176 
269 0 5 6 4260 7036 7178 
529 0 0 7 6544 7177 7187 
282 0 1 5 4438 7046 7198 
135 1 6 1 2513 7207 7218 
602 1 7 1 7241 0 0 
99 0 4 4 2517 7076 7246 
221 1 3 2 3523 7137 7251 
528 0 0 6 6539 7086 7253 
225 1 3 7 3564 7238 7262 
98 0 4 5 2514 7066 7273 
285 0 5 1 4467 7248 7293 
606 1 7 6 7301 0 0 
291 0 1 4 4555 7096 7321 
54 1 2 2 2485 7298 7327 
101 0 4 6 2525 7167 7328 
290 0 5 7 4540 7258 7337 
273 0 5 5 4313 7107 7348 
299 0 1 1 4681 7268 7368 
107 0 4 3 2550 7369 7379 
610 1 7 6 7380 0 0 
186 1 7 4 2991 7157 7396 
136 1 6 2 2516 7319 7402 
134 1 6 6 2509 7187 7403 
530 0 0 7 6548 7278 7412 
100 0 4 5 2522 7117 7423 
614 1 7 5 7440 0 0 
106 0 4 1 2546 7339 7443 
109 0 4 3 2559 7399 7454 
102 0 4 4 2529 7218 7471 
280 0 5 6 4410 7197 7478 
228 1 3 7 3637 7359 7487 
618 1 7 2 7490 0 0 
295 0 1 5 4603 7127 7498 
620 1 3 3 7508 0 0 
55 1 2 1 2489 7349 7518 
478 0 4 3 6333 7450 7529 
104 0 4 4 2538 7288 7546 
622 1 3 0 7549 0 0 
103 0 4 6 2533 7228 7553 
624 1 7 5 7561 0 0 
110 0 4 7 2562 7409 7563 
233 1 3 0 3703 7560 7570 
137 1 6 5 2521 7329 7573 
294 0 5 2 4599 7581 7591 
534 0 0 1 6565 7470 7593 
138 1 6 3 2526 7460 7605 
105 0 4 4 2541 7308 7622 
108 0 4 6 2554 7379 7629 
477 0 4 7 6330 7440 7638 
628 1 7 5 7640 0 0 
486 0 4 0 6364 7570 7646 
531 0 0 5 6551 7389 7649 
631 1 3 1 7663 0 0 
480 0 4 1 6340 7490 7668 
482 0 4 3 6348 7510 7680 
484 0 4 4 6355 7540 7697 
532 0 0 6 6555 7419 7704 
481 0 4 7 6345 7500 7713 
633 1 3 0 7714 0 0 
194 1 7 2 3110 7713 7723 
533 0 0 5 6560 7430 7724 
140 1 6 0 2534 7723 7733 
298 0 5 1 4667 7611 7744 
56 1 2 3 2494 7530 7755 
304 0 1 4 4753 7622 7772 
479 0 4 6 6336 7480 7779 
139 1 6 7 2530 7591 7788 
312 0 1 2 4876 7764 7798 
483 0 4 5 6351 7520 7799 
641 1 3 4 7816 0 0 
191 1 7 1 3065 7652 7819 
536 0 0 3 6575 7632 7830 
323 0 5 0 5066 7825 7835 
643 1 7 3 7836 0 0 
538 0 0 4 6584 7703 7847 
141 1 6 6 2539 7835 7854 
535 0 0 7 6570 7601 7864 
319 0 5 2 4990 7774 7873 
485 0 4 5 6360 7550 7874 
645 1 3 1 7880 0 0 
306 0 1 1 4807 7662 7894 
648 1 7 3 7898 0 0 
308 0 5 3 4812 7693 7906 
316 0 1 4 4926 7784 7922 
364 0 5 6 5143 7865 7930 
302 0 5 7 4732 7673 7939 
650 1 3 1 7943 0 0 
487 0 4 5 6367 7642 7949 
652 1 7 2 7967 0 0 
537 0 0 1 6580 7683 7969 
57 1 2 3 2499 7845 7981 
408 1 6 2 5800 7977 7987 
59 1 2 0 2508 7987 7997 
320 0 1 4 4999 7855 7997 
144 1 6 6 2554 7957 8005 
315 0 5 7 4915 7743 8014 
656 1 7 3 8021 0 0 
488 0 4 5 6372 7794 8024 
310 0 5 1 4858 7733 8044 
374 0 5 3 5292 7917 8056 
659 1 7 5 8064 0 0 
367 0 1 0 5186 8017 8072 
241 1 3 4 3834 7967 8073 
540 0 0 6 6592 7997 8080 
660 1 3 3 8081 0 0 
489 0 4 7 6377 7804 8089 
539 0 0 5 6588 7814 8099 
237 1 3 1 3756 7753 8119 
58 1 2 3 2504 7937 8131 
665 1 3 4 8142 0 0 
197 1 7 0 3162 8088 8147 
378 0 5 4 5342 8027 8148 
541 0 0 6 6595 8038 8155 
666 1 7 7 8162 0 0 
366 0 5 7 5185 7886 8164 
142 1 6 5 2544 7896 8175 
668 1 3 7 8193 0 0 
325 0 1 1 5075 7876 8194 
376 0 1 3 5306 8068 8206 
391 0 5 0 5524 8119 8223 
372 0 1 4 5246 8058 8223 
381 0 5 6 5393 8048 8230 
544 0 0 2 6610 8229 8239 
370 0 5 7 5230 7906 8239 
490 0 4 5 6380 7927 8250 
674 1 7 2 8269 0 0 
201 1 7 1 3206 8189 8270 
385 0 5 3 5445 8098 8281 
409 1 6 0 5803 8129 8298 
407 0 5 4 5794 8260 8298 
491 0 4 6 6385 8078 8305 
143 1 6 7 2549 7947 8315 
389 0 1 2 5517 8249 8315 
542 0 0 5 6600 8108 8325 
678 1 3 6 8336 0 0 
394 0 1 1 5584 8331 8345 
395 0 5 3 5586 8139 8357 
412 1 6 0 5814 8311 8373 
546 0 0 4 6618 8280 8373 
543 0 0 6 6605 8159 8381 
681 1 3 0 8386 0 0 
362 0 1 7 5122 8007 8390 
545 0 0 2 6615 8270 8390 
682 1 7 4 8396 0 0 
398 0 5 5 5636 8179 8400 
494 0 4 1 6398 8382 8420 
380 0 1 3 5378 8149 8432 
685 1 3 7 8438 0 0 
454 0 5 4 5986 8393 8448 
547 0 0 0 6622 8342 8448 
492 0 4 6 6390 8352 8456 
411 1 6 7 5809 8239 8465 
414 1 6 2 5821 8454 8465 
245 1 3 5 3903 8199 8475 
688 1 7 6 8493 0 0 
410 1 6 3 5806 8169 8507 
690 1 3 5 8510 0 0 
495 0 4 4 6403 8444 8523 
457 0 5 0 6034 8403 8523 
548 0 0 6 6626 8372 8531 
205 1 7 7 3269 8290 8540 
497 0 4 2 6410 8505 8540 
692 1 7 7 8544 0 0 
402 0 5 5 5714 8209 8550 
694 1 3 1 8565 0 0 
413 1 6 3 5818 8413 8582 
496 0 4 4 6407 8475 8598 
549 0 0 0 6630 8433 8598 
460 0 5 6 6077 8525 8606 
697 1 3 4 8612 0 0 
493 0 4 7 6393 8362 8615 
384 0 1 5 5442 8219 8625 
550 0 0 3 6634 8485 8657 
729 1 3 6 8664 0 0 
552 0 0 4 6640 8515 8673 
214 1 7 0 3417 8545 8673 
210 1 7 7 3344 8423 8690 
732 1 7 3 8695 0 0 
446 0 5 5 5866 8301 8700 
733 1 3 5 8737 0 0 
735 1 7 6 8751 0 0 
551 0 0 7 6637 8495 8766 
450 0 5 5 5934 8321 8776 
737 1 3 7 8800 0 0 
739 1 7 3 8816 0 0 
399 0 1 5 5651 8464 8851 
741 1 7 0 8865 0 0 
742 1 3 5 8879 0 0 
745 1 7 4 8908 0 0 
746 1 3 0 8926 0 0 
464 0 5 5 6137 8535 8927 
749 1 7 4 8982 0 0 
750 1 3 3 8985 0 0 
753 1 7 5 9030 0 0 
754 1 3 6 9039 0 0 
758 1 7 3 9109 0 0 
759 1 3 5 9116 0 0 
801 1 7 7 9150 0 0 
833 1 3 0 9192 0 0 
835 1 7 4 9212 0 0 
837 1 3 5 9249 0 0 
820 1 2 6 9256 0 0 
821 1 2 2 9260 0 0 
822 1 2 7 9263 0 0 
823 1 2 5 9267 0 0 
824 1 2 7 9271 0 0 
825 1 2 2 9274 0 0 
826 1 2 4 9277 0 0 
827 1 2 1 9281 0 0 
839 1 7 1 9283 0 0 
828 1 2 2 9285 0 0 
840 1 3 4 9289 0 0 
829 1 2 3 9289 0 0 
830 1 2 7 9294 0 0 
831 1 2 2 9300 0 0 
832 1 2 4 9303 0 0 
844 1 7 5 9351 0 0 
845 1 3 7 9351 0 0 
847 1 7 3 9403 0 0 
848 1 3 3 9411 0 0 
851 1 3 4 9457 0 0 
852 0 1 5 9467 0 0 
853 1 7 7 9480 0 0 
855 1 3 2 9503 0 0 
856 1 7 5 9535 0 0 
857 0 1 6 9541 0 0 
859 1 3 3 9562 0 0 
860 1 7 0 9606 0 0 
861 0 1 5 9612 0 0 
863 1 3 3 9632 0 0 
864 1 7 6 9650 0 0 
865 0 1 7 9653 0 0 
867 1 3 0 9693 0 0 
868 1 7 0 9703 0 0 
869 0 1 6 9709 0 0 
871 1 3 1 9741 0 0 
872 0 1 7 9758 0 0 
873 1 3 6 9782 0 0 
874 1 7 1 9783 0 0 
876 0 1 4 9836 0 0 
877 1 3 6 9836 0 0 
879 1 7 7 9845 0 0 
880 1 3 6 9880 0 0 
881 0 1 6 9891 0 0 
883 1 7 5 9910 0 0 
884 0 1 6 9931 0 0 
885 1 3 5 9943 0 0 
887 1 7 4 9990 0 0 
888 1 3 5 9992 0 0 
889 0 1 4 10007 0 0 
890 1 3 3 10041 0 0 
891 0 5 0 10042 0 0 
892 0 1 0 10065 0 0 
893 1 7 0 10066 0 0 
894 1 3 0 10097 0 0 
895 0 5 7 10103 0 0 
896 0 1 5 10115 0 0 
897 1 7 5 10136 0 0 
898 1 3 4 10150 0 0 
899 0 5 0 10163 0 0 
900 0 1 6 10172 0 0 
901 1 7 1 10209 0 0 
902 0 1 4 10212 0 0 
942 1 3 2 10220 0 0 
903 0 0 1 10212 10213 10223 
904 0 0 0 10217 10223 10233 
943 0 5 0 10235 0 0 
944 1 7 6 10258 0 0 
468 0 5 3 6191 10253 10263 
945 0 1 5 10268 0 0 
906 0 0 4 10225 10263 10273 
415 1 6 5 5826 10283 10294 
905 0 0 1 10221 10233 10298 
472 0 5 7 6269 10294 10304 
248 1 3 0 3962 10243 10308 
907 0 0 2 10229 10304 10314 
217 1 7 4 3462 10273 10348 
403 0 1 5 5723 10314 10369 
61 1 2 6 2516 10364 10374 
60 1 2 0 2512 10334 10383 
476 0 5 7 6313 10374 10384 
953 1 7 2 10395 0 0 
62 1 2 2 2521 10405 10415 
255 1 3 4 4068 10384 10424 
511 0 5 3 6376 10415 10425 
955 0 1 0 10431 0 0 
253 1 3 5 4021 10324 10444 
909 0 0 6 10237 10425 10449 
908 0 0 7 10232 10394 10459 
958 0 1 4 10484 0 0 
499 0 4 2 6418 10435 10490 
500 0 4 4 6421 10445 10499 
515 0 5 0 6441 10505 10515 
406 0 1 5 5763 10344 10519 
260 1 3 6 4123 10495 10524 
501 0 4 7 6426 10475 10535 
267 1 3 1 4242 10525 10536 
962 1 7 3 10550 0 0 
416 1 6 2 5831 10465 10565 
222 1 7 4 3524 10455 10574 
418 1 6 3 5837 10576 10586 
498 0 4 5 6415 10354 10594 
448 0 1 0 5890 10586 10596 
444 0 1 7 5843 10485 10610 
558 0 5 6 6573 10626 10636 
262 1 3 2 4172 10515 10640 
502 0 4 4 6430 10546 10649 
231 1 7 3 3666 10647 10661 
553 0 5 5 6519 10556 10669 
564 0 5 0 6666 10667 10677 
419 1 6 7 5842 10616 10685 
972 1 3 2 10705 0 0 
451 0 1 6 5939 10636 10712 
910 0 0 2 10242 10536 10715 
459 0 1 1 6070 10707 10717 
227 1 7 4 3595 10606 10724 
913 0 0 3 10253 10717 10736 
417 1 6 5 5834 10566 10744 
455 0 1 0 5992 10697 10752 
567 0 5 6 6724 10677 10787 
911 0 0 2 10247 10596 10790 
234 1 7 1 3714 10737 10792 
978 0 1 3 10796 0 0 
561 0 5 4 6626 10657 10799 
463 0 1 7 6129 10798 10808 
912 0 0 5 10250 10687 10819 
421 1 6 3 5850 10818 10828 
981 1 3 6 10834 0 0 
238 1 7 6 3780 10747 10862 
420 1 6 2 5846 10758 10865 
503 0 4 1 6435 10778 10867 
504 0 4 4 6440 10788 10874 
984 1 7 2 10879 0 0 
985 1 3 1 10882 0 0 
505 0 4 0 6443 10879 10889 
571 0 5 5 6793 10727 10894 
422 1 6 3 5853 10828 10904 
988 1 7 6 10926 0 0 
471 0 1 6 6237 10869 10937 
272 1 3 2 4303 10768 10940 
467 0 1 1 6174 10859 10942 
63 1 2 4 2525 10838 10949 
518 0 1 7 6474 10959 10969 
575 0 5 5 6870 10808 10969 
506 0 4 0 6447 10980 10990 
993 1 3 2 10999 0 0 
914 0 0 6 10258 10909 11012 
581 0 5 2 6942 10849 11015 
510 0 1 1 6356 10919 11017 
243 1 7 5 3855 10939 11045 
507 0 4 7 6451 10990 11045 
555 0 1 0 6530 11020 11065 
65 1 2 4 2534 11070 11080 
423 1 6 6 5859 11030 11087 
475 0 1 2 6312 10889 11091 
514 0 1 1 6413 10949 11093 
590 0 5 5 7053 10969 11120 
67 1 2 3 2542 11110 11121 
1001 1 7 0 11132 0 0 
288 1 3 7 4519 11131 11141 
277 1 3 2 4376 10899 11166 
281 1 3 1 4425 11010 11168 
917 0 0 0 10268 11161 11171 
64 1 2 5 2530 11060 11195 
1005 1 7 2 11199 0 0 
918 0 0 7 10273 11211 11221 
585 0 5 2 6985 10929 11241 
425 1 6 3 5867 11231 11241 
915 0 0 1 10261 11040 11243 
68 1 2 5 2547 11171 11270 
1012 1 3 7 11279 0 0 
249 1 7 7 3966 11241 11296 
1013 0 5 7 11310 0 0 
246 1 7 2 3917 11000 11316 
566 0 1 3 6690 11282 11317 
284 1 3 1 4466 11050 11318 
300 1 3 6 4697 11312 11322 
1015 1 7 4 11327 0 0 
597 0 5 4 7155 11332 11342 
69 1 2 5 2552 11181 11345 
570 0 1 7 6763 11322 11371 
66 1 2 2 2537 11100 11391 
605 0 5 3 7296 11383 11393 
760 0 4 1 9132 11080 11393 
609 0 5 6 7363 11403 11413 
71 1 2 4 2560 11372 11417 
593 0 5 5 7094 11262 11420 
427 1 6 7 5877 11433 11447 
574 0 1 0 6832 11443 11453 
1022 1 3 1 11457 0 0 
1023 1 7 5 11463 0 0 
916 0 0 2 10264 11141 11466 
613 0 5 3 7413 11413 11468 
557 0 1 1 6572 11090 11468 
922 0 0 6 10289 11463 11488 
252 1 7 4 4011 11393 11493 
296 1 3 5 4655 11302 11495 
1029 1 7 4 11539 0 0 
562 0 1 2 6645 11221 11541 
921 0 0 3 10285 11423 11543 
761 0 4 1 9138 11121 11543 
1030 1 3 7 11558 0 0 
327 1 2 6 5096 11515 11563 
619 0 5 4 7502 11494 11568 
578 0 1 5 6889 11473 11570 
923 0 0 0 10292 11565 11575 
763 0 4 2 9146 11272 11616 
626 0 5 3 7604 11596 11618 
293 1 3 1 4599 11151 11618 
1034 1 3 0 11618 0 0 
586 0 1 6 6991 11616 11638 
616 0 5 5 7457 11484 11645 
328 1 2 0 5101 11575 11650 
1035 1 7 7 11654 0 0 
1038 1 3 6 11681 0 0 
70 1 2 2 2555 11342 11691 
762 0 4 1 9142 11191 11693 
635 0 5 3 7724 11626 11693 
331 1 2 7 5113 11686 11696 
1039 1 7 4 11711 0 0 
594 0 1 6 7118 11696 11713 
580 0 1 5 6932 11525 11721 
1041 1 3 7 11729 0 0 
920 0 0 2 10282 11352 11766 
767 0 4 0 9163 11757 11767 
424 1 6 1 5862 11201 11768 
598 0 1 7 7192 11716 11772 
1045 1 7 0 11785 0 0 
608 0 1 3 7337 11777 11787 
332 1 2 6 5118 11727 11788 
257 1 7 5 4076 11545 11796 
314 1 3 4 4907 11807 11817 
764 0 4 2 9150 11453 11842 
426 1 6 1 5872 11252 11843 
1048 1 7 1 11847 0 0 
925 0 0 7 10298 11838 11848 
307 1 3 6 4810 11747 11863 
651 0 5 0 7953 11858 11868 
630 0 5 5 7659 11606 11871 
769 0 4 3 9171 11868 11878 
647 0 5 4 7891 11828 11892 
303 1 3 2 4753 11505 11917 
919 0 0 1 10278 11292 11919 
1053 1 7 3 11926 0 0 
311 1 3 6 4867 11787 11939 
334 1 2 0 5130 11899 11943 
924 0 0 5 10295 11706 11946 
617 0 1 7 7467 11940 11950 
765 0 4 2 9155 11555 11992 
601 0 5 1 7221 11362 11994 
1058 1 7 6 11994 0 0 
259 1 7 4 4122 12000 12010 
333 1 2 6 5126 11797 12014 
322 1 3 0 5028 11950 12018 
603 0 1 5 7260 11767 12021 
430 1 6 7 5889 11970 12025 
766 0 4 2 9160 11585 12067 
623 0 5 1 7561 11535 12069 
658 0 5 4 8064 12020 12085 
926 0 0 6 10303 11909 12089 
667 0 5 3 8187 12080 12090 
927 0 0 0 10308 11980 12094 
644 0 5 5 7845 11817 12096 
264 1 7 7 4186 12050 12100 
1068 1 3 6 12134 0 0 
589 0 1 2 7053 11656 12142 
329 1 2 1 5105 11636 12144 
1070 1 7 4 12158 0 0 
671 0 5 4 8242 12111 12160 
335 1 2 6 5134 11960 12164 
675 0 5 3 8283 12121 12166 
771 0 4 0 9178 11990 12169 
654 0 5 5 8011 11930 12171 
1071 1 3 3 12174 0 0 
324 1 3 7 5071 12060 12175 
1074 1 7 1 12208 0 0 
640 0 5 2 7771 11666 12217 
428 1 6 1 5881 11646 12219 
928 0 0 4 10312 12141 12236 
337 1 2 6 5142 12090 12239 
775 0 4 0 9194 12203 12244 
772 0 4 5 9181 12040 12246 
929 0 0 7 10317 12172 12250 
429 1 6 2 5885 11737 12292 
330 1 2 1 5108 11676 12294 
1079 1 3 3 12310 0 0 
636 0 1 4 7727 12233 12311 
625 0 1 6 7601 12101 12314 
268 1 7 0 4251 12274 12319 
773 0 4 5 9186 12131 12322 
629 0 1 7 7646 12183 12325 
679 0 5 3 8345 12344 12354 
1083 1 3 0 12361 0 0 
612 0 1 2 7390 11878 12368 
768 0 4 1 9167 11848 12369 
1085 1 7 6 12386 0 0 
777 0 4 4 9203 12284 12386 
930 0 0 6 10322 12253 12390 
431 1 6 5 5892 12152 12397 
432 1 6 7 5896 12294 12401 
1087 1 3 3 12407 0 0 
1114 1 6 1 12530 0 0 
1115 1 6 0 12533 0 0 
1116 1 6 3 12536 0 0 
1117 1 6 2 12539 0 0 
1118 1 6 0 12544 0 0 
1119 1 6 4 12547 0 0 
1120 1 6 3 12551 0 0 
1121 1 6 3 12555 0 0 
1122 1 6 5 12558 0 0 
1123 1 6 0 12564 0 0 
1124 1 6 0 12569 0 0 
