1 0 0 7 1285 1287 1300 
3 1 1 1 1285 1297 1308 
4 1 3 2 1286 1308 1318 
7 0 6 3 1286 1318 1328 
2 0 2 1 1285 1329 1358 
12 1 1 7 1345 1350 1361 
6 1 5 2 1286 1339 1368 
14 0 2 6 1348 1361 1371 
9 1 5 4 1332 1381 1391 
5 0 4 1 1286 1371 1408 
15 1 3 3 1358 1402 1412 
8 1 7 2 1286 1391 1418 
18 1 5 5 1391 1422 1432 
13 0 6 6 1348 1432 1442 
10 1 7 4 1332 1442 1452 
19 0 4 1 1393 1412 1458 
22 1 1 5 1406 1463 1482 
23 1 3 0 1430 1473 1483 
11 0 4 3 1343 1483 1494 
17 1 7 6 1385 1494 1504 
16 0 0 1 1361 1453 1508 
21 0 2 5 1403 1515 1532 
28 0 4 4 1460 1525 1535 
20 0 6 3 1393 1535 1545 
24 0 0 6 1437 1505 1554 
31 1 7 1 1492 1545 1559 
33 0 4 0 1501 1566 1576 
30 1 5 4 1468 1576 1586 
26 0 6 5 1452 1586 1597 
25 1 7 3 1443 1597 1607 
35 0 0 1 1516 1556 1609 
41 1 1 7 1561 1618 1628 
39 0 4 2 1548 1628 1638 
46 1 5 4 1596 1638 1648 
44 0 0 3 1572 1608 1657 
38 1 5 6 1538 1659 1669 
52 1 1 2 1633 1649 1688 
32 0 6 4 1495 1669 1698 
59 1 3 1 1679 1690 1700 
55 1 5 5 1670 1700 1710 
48 0 6 3 1626 1710 1720 
50 1 7 6 1629 1720 1731 
45 0 2 2 1587 1680 1738 
61 0 0 0 1712 1732 1742 
62 1 3 7 1730 1752 1762 
54 0 4 1 1661 1762 1772 
29 1 1 6 1468 1742 1781 
43 0 6 4 1564 1772 1782 
57 1 7 5 1674 1782 1792 
53 0 0 3 1636 1793 1803 
64 1 1 1 1736 1803 1822 
37 0 2 6 1532 1813 1831 
65 0 4 5 1739 1823 1842 
71 1 5 0 1791 1833 1843 
66 1 7 7 1741 1843 1853 
78 0 0 2 1837 1854 1865 
70 1 1 3 1787 1865 1875 
63 1 5 1 1731 1875 1885 
42 1 7 4 1563 1885 1895 
79 1 1 6 1843 1906 1916 
68 0 2 2 1755 1916 1926 
83 1 3 1 1883 1926 1936 
72 0 0 4 1792 1896 1945 
73 1 7 7 1804 1936 1946 
58 0 2 6 1676 1957 1967 
80 1 5 1 1846 1967 1986 
91 1 7 0 1943 1977 1987 
36 1 1 4 1518 1947 1995 
96 0 0 5 1972 1988 1999 
94 1 1 2 1964 1999 2009 
27 0 2 3 1459 2009 2019 
34 1 3 6 1508 2019 2029 
88 1 5 7 1912 2029 2039 
67 0 6 1 1748 2039 2049 
85 0 2 2 1886 2050 2060 
74 0 4 6 1817 2060 2079 
99 1 5 7 2009 2070 2089 
84 0 6 1 1885 2080 2099 
105 1 7 0 2037 2090 2100 
108 1 1 5 2065 2111 2122 
104 0 0 6 2022 2101 2129 
51 0 2 3 1630 2122 2132 
49 1 3 2 1628 2132 2142 
114 1 7 1 2095 2142 2152 
76 0 2 4 1822 2163 2173 
110 0 0 6 2073 2153 2179 
92 0 2 5 1962 2184 2194 
107 1 3 1 2053 2173 2202 
69 1 3 2 1782 2194 2204 
125 0 4 7 2176 2204 2214 
129 1 1 0 2208 2215 2225 
127 0 2 5 2185 2225 2244 
40 1 3 3 1555 2235 2246 
98 0 4 2 2001 2246 2256 
128 0 6 6 2200 2256 2266 
136 1 1 0 2263 2277 2287 
77 1 3 4 1831 2287 2297 
81 0 4 3 1869 2297 2307 
135 0 0 6 2252 2267 2316 
95 1 5 2 1968 2307 2317 
116 1 3 5 2114 2328 2338 
47 0 4 4 1621 2338 2348 
141 1 5 1 2290 2348 2358 
117 0 2 6 2118 2318 2366 
93 0 6 3 1963 2358 2368 
144 1 7 7 2315 2368 2379 
118 0 4 5 2125 2400 2410 
121 1 3 6 2155 2390 2416 
113 1 5 4 2091 2410 2420 
146 0 2 7 2343 2380 2429 
122 0 6 3 2159 2420 2430 
152 0 0 0 2381 2431 2441 
149 1 3 6 2354 2451 2466 
56 0 6 4 1672 2461 2471 
156 1 1 7 2404 2441 2479 
97 1 7 3 1988 2471 2481 
100 0 2 0 2011 2492 2503 
160 0 4 6 2434 2503 2516 
103 0 6 5 2018 2513 2523 
87 0 0 3 1907 2482 2531 
82 1 7 4 1881 2523 2533 
171 0 2 0 2500 2554 2564 
148 1 5 6 2343 2564 2574 
102 1 1 3 2015 2544 2581 
143 0 0 4 2303 2534 2583 
169 0 6 7 2497 2574 2584 
162 0 2 1 2441 2595 2605 
101 1 3 0 2012 2605 2615 
172 1 5 6 2521 2615 2625 
60 1 1 4 1696 2585 2633 
151 0 6 2 2378 2625 2635 
163 1 3 1 2448 2647 2657 
153 0 4 0 2385 2657 2667 
142 0 6 5 2298 2667 2677 
109 0 2 4 2067 2637 2683 
131 1 7 2 2219 2677 2687 
90 1 3 3 1941 2708 2718 
126 0 0 5 2183 2688 2727 
177 0 4 1 2555 2718 2728 
115 1 1 2 2105 2698 2737 
106 1 5 0 2051 2728 2738 
174 0 6 6 2539 2738 2749 
154 0 2 5 2388 2770 2780 
123 1 1 2 2163 2760 2787 
155 1 3 3 2403 2780 2790 
161 0 0 6 2439 2750 2799 
165 1 5 1 2462 2790 2800 
159 1 7 0 2428 2800 2810 
207 1 1 5 2769 2821 2831 
132 1 3 4 2223 2831 2841 
178 0 0 6 2557 2811 2849 
89 0 4 3 1929 2841 2852 
206 0 6 7 2767 2852 2862 
170 1 7 0 2497 2862 2872 
196 0 2 6 2684 2883 2899 
180 1 3 2 2572 2893 2903 
167 0 4 4 2489 2903 2913 
199 0 0 0 2720 2873 2922 
158 0 6 3 2426 2913 2923 
195 0 0 1 2675 2924 2934 
217 0 2 6 2844 2944 2954 
189 1 3 2 2647 2954 2964 
179 1 1 0 2565 2934 2972 
140 0 4 5 2282 2964 2974 
124 1 5 4 2167 2974 2984 
214 0 6 7 2822 2984 2995 
138 1 7 3 2266 2995 3005 
213 1 1 1 2820 3006 3016 
176 0 2 0 2547 3016 3026 
147 0 4 5 2343 3026 3036 
75 0 6 4 1817 3036 3046 
209 1 7 7 2782 3046 3056 
241 0 0 1 3020 3057 3067 
242 1 3 6 3023 3077 3087 
193 0 4 5 2665 3087 3097 
232 1 1 7 2944 3067 3106 
202 1 5 0 2729 3097 3108 
184 1 7 3 2600 3108 3118 
203 0 4 6 2740 3139 3149 
240 0 2 7 3015 3129 3156 
243 1 5 5 3042 3149 3159 
119 0 0 3 2143 3119 3168 
120 1 7 4 2145 3159 3169 
255 0 0 6 3148 3170 3199 
183 0 2 1 2597 3190 3200 
234 1 3 7 2971 3200 3210 
145 1 1 3 2334 3180 3218 
111 0 4 2 2074 3210 3220 
218 1 5 0 2845 3220 3231 
257 1 7 5 3159 3231 3241 
265 0 0 4 3222 3242 3252 
222 1 1 6 2889 3252 3262 
188 0 2 1 2639 3262 3272 
215 1 3 3 2826 3272 3282 
233 1 5 7 2966 3282 3292 
252 0 6 0 3128 3292 3302 
216 0 0 5 2838 3303 3313 
86 1 1 4 1902 3313 3323 
168 1 3 1 2493 3323 3333 
181 1 5 2 2589 3333 3344 
229 0 6 7 2936 3344 3354 
197 1 7 0 2708 3354 3364 
220 0 0 5 2880 3365 3375 
260 1 1 6 3177 3375 3385 
137 0 2 4 2265 3385 3395 
254 0 4 1 3147 3395 3405 
200 0 6 2 2723 3405 3415 
274 0 0 0 3289 3416 3426 
139 1 3 4 2278 3426 3445 
192 1 5 1 2658 3436 3455 
280 0 6 3 3324 3447 3457 
281 1 7 2 3330 3457 3467 
293 1 1 5 3418 3478 3488 
264 1 3 6 3220 3488 3498 
212 0 4 4 2805 3498 3508 
208 0 0 2 2772 3468 3517 
236 0 6 7 3009 3508 3518 
191 1 7 3 2653 3518 3528 
301 1 1 6 3479 3529 3548 
249 1 3 5 3097 3549 3559 
225 0 2 2 2900 3539 3567 
130 1 5 4 2213 3559 3569 
244 0 6 7 3058 3569 3579 
228 1 7 3 2933 3579 3590 
194 1 1 0 2675 3601 3611 
248 0 2 2 3095 3611 3621 
277 1 3 5 3310 3621 3631 
166 0 0 3 2483 3591 3640 
284 0 4 6 3362 3631 3641 
112 0 6 4 2084 3641 3651 
219 1 7 7 2857 3651 3661 
201 1 1 0 2725 3672 3682 
198 1 3 2 2712 3682 3693 
239 0 4 5 3015 3693 3703 
319 0 0 7 3609 3662 3711 
273 0 6 6 3273 3703 3713 
238 1 7 1 3013 3713 3723 
187 0 0 3 2633 3724 3734 
210 0 2 0 2796 3744 3754 
253 1 1 7 3132 3734 3761 
133 0 4 2 2231 3754 3764 
251 1 5 5 3100 3764 3774 
315 1 7 6 3584 3774 3784 
235 0 0 3 2972 3785 3796 
268 0 2 7 3240 3796 3811 
326 1 3 0 3667 3806 3816 
266 1 5 2 3226 3816 3826 
261 0 6 5 3187 3826 3836 
271 1 7 1 3271 3836 3846 
164 1 1 3 2461 3857 3867 
270 1 3 7 3269 3867 3877 
262 0 4 0 3203 3877 3887 
290 0 0 1 3398 3847 3896 
348 1 5 6 3839 3887 3897 
267 0 6 2 3233 3897 3907 
150 1 7 4 2362 3907 3918 
287 1 1 1 3369 3929 3946 
330 0 2 3 3687 3939 3949 
294 0 4 7 3419 3949 3959 
335 0 0 4 3731 3919 3968 
283 1 5 0 3355 3959 3969 
345 0 6 6 3802 3969 3979 
322 1 7 2 3624 3979 3989 
173 1 1 4 2524 4000 4018 
288 0 2 1 3378 4010 4020 
312 1 3 3 3558 4020 4030 
227 0 0 2 2932 3990 4039 
306 1 5 7 3510 4030 4040 
327 0 6 0 3677 4040 4051 
299 1 7 5 3452 4051 4061 
350 1 1 2 3843 4072 4089 
204 0 2 4 2747 4082 4092 
205 1 3 1 2764 4092 4102 
344 0 0 5 3791 4062 4111 
349 0 4 3 3841 4102 4112 
313 0 6 7 3570 4112 4122 
346 1 7 6 3835 4122 4132 
370 1 1 5 3990 4143 4161 
258 0 2 2 3168 4153 4163 
226 1 3 4 2900 4163 4174 
304 0 0 6 3498 4133 4182 
314 0 4 1 3577 4174 4184 
337 0 6 3 3754 4184 4194 
246 1 7 7 3079 4194 4204 
359 1 1 6 3921 4215 4232 
336 0 2 5 3745 4225 4235 
186 0 4 2 2609 4235 4245 
373 0 0 7 4023 4205 4254 
291 1 5 1 3398 4245 4255 
338 1 7 3 3762 4255 4265 
351 0 0 0 3853 4266 4276 
352 0 2 6 3864 4286 4297 
397 1 1 7 4194 4276 4304 
372 1 3 5 4021 4297 4307 
307 0 4 2 3520 4307 4317 
376 0 6 1 4028 4317 4327 
361 1 7 3 3931 4327 4337 
237 1 1 0 3010 4338 4348 
342 1 3 6 3790 4348 4358 
221 0 4 4 2881 4358 4368 
298 1 5 2 3442 4368 4378 
289 1 7 1 3379 4378 4388 
269 1 1 3 3256 4399 4409 
401 0 2 0 4218 4409 4420 
292 1 3 7 3406 4420 4430 
297 0 0 1 3442 4389 4438 
247 0 4 5 3085 4430 4440 
157 1 5 4 2417 4440 4450 
353 0 6 6 3868 4450 4460 
347 1 3 7 3838 4471 4481 
309 1 1 1 3544 4461 4488 
339 1 5 5 3783 4481 4491 
382 0 6 6 4078 4491 4510 
278 1 1 3 3311 4502 4512 
436 0 2 0 4480 4512 4522 
331 0 4 7 3709 4522 4533 
296 0 6 2 3439 4533 4543 
302 0 2 1 3479 4544 4554 
396 1 3 0 4192 4554 4573 
391 1 5 7 4141 4564 4583 
134 0 6 4 2249 4574 4584 
354 1 7 2 3886 4584 4594 
374 0 2 3 4023 4605 4615 
285 1 3 1 3365 4615 4625 
272 0 4 0 3273 4625 4635 
250 0 0 2 3099 4595 4644 
286 0 6 5 3366 4635 4645 
175 1 7 4 2541 4645 4656 
379 1 3 3 4062 4677 4687 
392 1 1 2 4152 4667 4694 
356 0 4 1 3913 4687 4697 
380 0 0 4 4066 4657 4706 
410 1 5 0 4298 4697 4707 
432 0 6 6 4460 4707 4717 
366 1 7 5 3972 4717 4727 
185 1 1 4 2608 4738 4756 
276 0 2 2 3305 4748 4759 
364 0 4 3 3965 4759 4769 
404 0 0 5 4237 4728 4777 
469 0 6 7 4725 4769 4779 
311 0 0 6 3552 4780 4790 
230 0 2 4 2941 4800 4810 
458 1 3 2 4650 4810 4820 
406 1 1 5 4256 4790 4827 
448 1 5 3 4579 4820 4830 
393 0 6 0 4156 4830 4840 
328 1 7 7 3682 4840 4851 
388 0 0 6 4128 4852 4862 
343 0 2 5 3791 4862 4877 
256 1 3 4 3155 4872 4882 
323 0 4 2 3635 4882 4892 
442 0 6 1 4531 4892 4902 
461 1 7 0 4670 4902 4912 
478 0 0 7 4791 4913 4923 
386 1 1 6 4100 4923 4933 
452 1 3 5 4602 4933 4943 
231 0 4 4 2944 4943 4954 
316 1 5 2 3589 4954 4964 
485 0 6 1 4847 4964 4974 
439 1 1 0 4508 4975 4985 
467 0 2 6 4718 4985 4995 
387 1 3 7 4112 4995 5005 
300 0 4 5 3478 5005 5015 
211 1 5 4 2802 5015 5025 
321 0 6 2 3620 5025 5035 
480 1 7 1 4820 5035 5045 
463 0 2 0 4675 5056 5066 
414 1 3 7 4311 5066 5077 
358 1 5 5 3917 5077 5087 
329 0 0 1 3684 5046 5095 
400 0 6 3 4218 5087 5097 
378 1 7 2 4042 5097 5107 
486 0 2 0 4849 5128 5138 
317 1 1 1 3604 5118 5145 
437 1 3 6 4488 5138 5148 
282 0 0 2 3345 5108 5157 
482 0 4 7 4823 5148 5158 
182 0 6 4 2595 5158 5168 
385 1 7 3 4097 5168 5178 
447 1 1 2 4569 5190 5207 
310 0 2 1 3544 5200 5210 
421 1 3 0 4369 5210 5220 
426 0 0 3 4409 5179 5228 
457 0 4 6 4648 5220 5230 
305 0 6 5 3502 5230 5240 
263 1 7 4 3206 5240 5250 
334 1 1 3 3725 5261 5278 
363 0 2 2 3960 5271 5281 
303 1 3 1 3486 5281 5291 
493 0 0 4 4906 5251 5300 
510 0 4 7 5023 5291 5301 
434 1 5 6 4469 5301 5311 
403 1 7 5 4228 5311 5322 
245 1 1 4 3063 5333 5350 
381 0 2 3 4067 5343 5353 
521 1 3 2 5123 5353 5363 
420 0 0 5 4365 5323 5372 
419 0 4 0 4358 5363 5373 
525 1 5 7 5157 5373 5383 
496 1 7 6 4934 5383 5393 
411 1 1 5 4305 5404 5422 
295 0 2 4 3431 5414 5424 
405 1 3 3 4254 5424 5435 
398 0 0 6 4196 5394 5443 
399 0 4 1 4212 5435 5445 
471 1 5 0 4746 5445 5455 
553 0 6 7 5358 5455 5465 
357 0 2 5 3914 5476 5486 
413 0 0 6 4309 5466 5493 
318 1 3 4 3604 5486 5496 
384 0 4 2 4091 5496 5506 
533 1 5 1 5213 5506 5516 
529 0 6 0 5186 5516 5526 
438 1 7 7 4498 5526 5536 
431 1 1 6 4454 5548 5558 
475 1 3 5 4771 5558 5568 
371 0 4 3 4012 5568 5578 
502 0 0 7 4971 5537 5586 
333 1 5 2 3716 5578 5588 
522 0 6 1 5132 5588 5598 
488 1 7 0 4882 5598 5608 
477 0 2 6 4774 5619 5629 
512 1 1 7 5040 5609 5637 
279 0 4 4 3317 5629 5639 
550 1 5 3 5340 5639 5649 
362 0 6 2 3938 5649 5659 
504 1 7 1 4978 5659 5669 
582 1 1 0 5589 5681 5691 
578 0 2 7 5550 5691 5701 
494 1 3 6 4913 5701 5711 
360 0 0 1 3926 5670 5719 
341 0 4 5 3787 5711 5721 
223 1 5 4 2890 5721 5731 
474 0 6 3 4770 5731 5741 
394 1 7 2 4161 5741 5751 
325 1 1 1 3658 5762 5772 
490 0 2 0 4894 5772 5782 
566 1 3 7 5455 5782 5792 
505 0 0 2 5013 5752 5801 
573 0 4 6 5516 5792 5802 
417 1 5 5 4353 5802 5813 
190 0 6 4 2649 5813 5823 
453 1 7 3 4602 5823 5833 
481 1 1 2 4821 5844 5854 
543 0 2 1 5290 5854 5864 
468 1 3 0 4723 5864 5874 
483 0 0 3 4835 5834 5883 
509 1 5 6 5021 5874 5884 
368 0 6 5 3978 5884 5894 
308 1 7 4 3530 5894 5904 
476 1 1 3 4771 5916 5933 
418 0 2 2 4355 5926 5936 
530 1 3 0 5187 5936 5946 
535 0 0 4 5214 5905 5954 
625 0 4 7 5901 5946 5956 
576 0 6 6 5532 5956 5966 
422 1 7 5 4378 5966 5976 
377 1 1 4 4040 5987 6005 
390 0 2 3 4139 5997 6007 
355 1 3 1 3907 6007 6017 
433 0 0 5 4464 5977 6026 
489 0 4 0 4886 6017 6027 
571 1 5 7 5495 6027 6037 
602 1 7 6 5730 6037 6048 
455 1 1 5 4622 6059 6076 
320 0 2 4 3614 6069 6079 
626 1 3 2 5917 6079 6089 
443 0 0 6 4540 6049 6098 
435 0 4 1 4476 6089 6099 
479 1 5 0 4816 6099 6109 
472 1 7 7 4748 6109 6119 
523 0 2 5 5140 6130 6140 
466 1 1 6 4711 6120 6148 
613 1 3 3 5806 6140 6150 
415 0 4 2 4318 6150 6160 
563 1 5 1 5446 6160 6170 
607 0 6 0 5754 6170 6181 
518 1 7 7 5086 6181 6191 
500 0 2 6 4955 6202 6212 
332 1 3 4 3711 6212 6222 
519 0 4 3 5098 6222 6232 
544 0 0 7 5290 6192 6241 
395 1 5 2 4181 6232 6242 
537 0 6 1 5235 6242 6252 
568 1 7 0 5473 6252 6262 
606 0 2 7 5751 6273 6291 
501 1 3 5 4962 6283 6294 
428 0 4 4 4433 6294 6304 
659 0 0 0 6138 6263 6312 
616 1 5 3 5848 6304 6314 
424 0 6 2 4403 6314 6324 
524 1 7 1 5143 6324 6334 
637 0 2 7 5990 6345 6355 
545 1 3 0 5310 6355 6365 
389 0 4 5 4137 6365 6375 
365 0 0 1 3967 6335 6384 
259 1 5 4 3171 6375 6385 
517 0 6 3 5081 6385 6395 
430 1 7 2 4448 6395 6405 
340 1 1 1 3785 6417 6434 
538 1 3 6 5239 6427 6437 
676 0 4 7 6257 6437 6447 
692 0 0 2 6382 6407 6456 
456 1 5 5 4634 6447 6457 
224 0 6 4 2895 6457 6467 
628 1 7 3 5925 6467 6477 
590 1 1 2 5646 6488 6506 
592 0 2 1 5662 6498 6508 
552 1 3 0 5356 6508 6518 
515 0 0 3 5080 6478 6527 
617 0 4 6 5851 6518 6528 
591 1 5 7 5647 6528 6539 
407 0 6 5 4268 6539 6549 
412 1 7 4 4306 6549 6559 
495 1 1 3 4930 6570 6580 
454 0 2 2 4620 6580 6590 
572 1 3 0 5500 6590 6600 
627 0 0 4 5922 6560 6609 
514 1 5 6 5079 6600 6610 
693 0 6 7 6382 6610 6620 
583 1 7 5 5590 6620 6630 
460 1 1 4 4663 6642 6659 
409 0 2 3 4284 6652 6662 
429 1 3 1 4446 6662 6672 
450 0 0 5 4595 6631 6680 
497 0 4 0 4948 6672 6682 
531 1 7 7 5202 6682 6692 
508 0 2 4 5017 6703 6713 
648 1 3 2 6065 6713 6723 
503 1 1 5 4973 6693 6731 
465 0 4 1 4701 6723 6733 
541 1 5 0 5275 6733 6743 
729 1 7 6 6672 6743 6753 
569 0 2 5 5475 6765 6781 
621 1 3 3 5873 6775 6785 
449 0 4 2 4588 6785 6795 
527 0 0 6 5159 6754 6803 
653 1 5 1 6105 6795 6805 
717 0 6 0 6568 6805 6815 
539 1 7 7 5270 6815 6825 
369 1 3 4 3979 6836 6846 
575 0 0 6 5528 6826 6854 
646 0 4 3 6058 6846 6856 
402 1 5 2 4223 6856 6866 
647 0 6 1 6064 6866 6876 
641 1 7 0 6021 6876 6886 
565 0 0 7 5455 6887 6898 
520 1 1 6 5112 6898 6908 
507 1 3 5 5017 6918 6928 
710 0 2 0 6516 6908 6936 
441 0 4 4 4530 6928 6938 
727 1 5 3 6637 6938 6948 
492 0 6 2 4903 6948 6958 
548 1 7 1 5331 6958 6968 
711 1 1 7 6532 6979 6989 
677 0 2 6 6270 6989 6999 
689 1 3 0 6359 6999 7009 
609 0 0 1 5787 6969 7018 
408 0 4 5 4278 7009 7019 
275 1 5 4 3296 7019 7030 
656 0 6 3 6130 7030 7040 
444 1 7 2 4546 7040 7050 
423 1 1 1 4386 7051 7068 
700 0 2 7 6444 7061 7071 
696 1 3 6 6411 7071 7081 
498 1 5 5 4950 7081 7091 
416 0 6 4 4348 7091 7101 
634 1 7 3 5966 7101 7111 
623 1 1 2 5886 7122 7132 
600 0 2 1 5708 7132 7143 
722 1 3 7 6614 7143 7153 
558 0 0 3 5413 7112 7161 
633 0 4 6 5962 7153 7163 
611 0 6 5 5799 7163 7173 
697 1 7 4 6420 7173 7183 
743 1 1 2 6783 7194 7204 
791 0 2 0 7136 7204 7214 
445 1 3 1 4549 7214 7224 
666 0 0 4 6197 7184 7233 
708 0 4 7 6500 7224 7234 
580 1 5 6 5569 7234 7244 
619 1 7 5 5864 7244 7254 
554 1 1 3 5360 7266 7276 
534 0 2 2 5213 7276 7286 
755 1 3 0 6875 7286 7296 
462 0 0 5 4672 7256 7305 
473 0 4 1 4760 7296 7306 
784 1 5 7 7090 7306 7316 
781 0 6 6 7068 7316 7326 
526 1 1 4 5158 7337 7347 
427 0 2 3 4410 7347 7357 
660 1 3 2 6140 7357 7367 
584 0 0 6 5597 7327 7376 
810 0 4 0 7285 7367 7378 
670 1 5 1 6220 7378 7388 
726 0 6 7 6637 7388 7398 
567 1 1 5 5472 7409 7419 
594 0 0 6 5665 7399 7426 
551 0 2 4 5356 7419 7429 
675 1 3 3 6248 7429 7439 
744 0 4 2 6787 7439 7449 
630 1 5 0 5945 7449 7459 
702 0 6 1 6454 7459 7469 
577 1 7 7 5533 7469 7479 
614 1 1 6 5807 7490 7501 
586 0 2 5 5619 7501 7511 
559 1 3 4 5414 7511 7521 
635 0 0 7 5981 7480 7529 
661 0 4 3 6151 7521 7531 
425 1 5 2 4407 7531 7541 
750 0 6 0 6848 7541 7551 
557 1 7 1 5406 7551 7561 
736 0 2 6 6721 7572 7582 
516 1 3 5 5080 7582 7592 
528 0 4 4 5160 7592 7602 
723 0 0 1 6616 7562 7611 
817 1 5 3 7336 7602 7612 
506 0 6 2 5014 7612 7623 
716 1 7 0 6562 7623 7633 
746 0 2 7 6798 7644 7654 
704 1 3 6 6462 7654 7664 
547 0 4 5 5316 7664 7674 
771 1 1 0 7003 7634 7683 
324 1 5 4 3639 7674 7684 
681 0 6 3 6302 7684 7694 
511 1 7 2 5030 7694 7704 
487 1 1 1 4865 7715 7725 
807 0 2 7 7260 7725 7736 
684 0 4 6 6320 7736 7746 
815 0 0 2 7332 7705 7754 
556 1 5 5 5398 7746 7756 
451 0 6 4 4595 7756 7766 
706 1 7 3 6483 7766 7776 
749 1 1 2 6843 7787 7804 
848 0 2 0 7567 7797 7807 
773 1 3 7 7014 7807 7817 
643 0 0 3 6030 7777 7826 
599 1 5 6 5701 7817 7827 
622 0 6 5 5876 7827 7837 
778 1 7 4 7044 7837 7847 
560 1 1 3 5424 7858 7876 
631 0 2 1 5947 7869 7879 
839 0 4 7 7497 7879 7889 
673 0 0 4 6240 7848 7897 
663 1 7 5 6179 7889 7899 
620 0 2 2 5870 7920 7930 
484 1 3 1 4847 7930 7940 
596 1 1 4 5688 7910 7947 
470 0 0 5 4737 7900 7949 
800 1 5 7 7200 7940 7950 
875 1 7 6 7786 7950 7960 
446 0 2 3 4560 7981 7992 
632 1 1 5 5949 7971 7999 
682 1 3 2 6303 7992 8002 
618 0 0 6 5862 7961 8010 
540 0 4 1 5274 8002 8012 
811 0 6 7 7292 8012 8022 
644 0 2 4 6031 8033 8043 
714 1 3 3 6541 8043 8053 
748 0 0 6 6823 8023 8060 
777 0 4 2 7041 8053 8063 
712 1 5 1 6539 8063 8073 
674 1 7 7 6244 8073 8083 
786 1 1 6 7113 8094 8111 
685 0 2 5 6320 8105 8115 
732 1 3 4 6692 8115 8125 
713 0 0 7 6540 8084 8133 
669 0 4 3 6215 8125 8135 
464 1 5 2 4686 8135 8145 
733 0 6 1 6696 8145 8155 
763 0 2 6 6944 8166 8176 
856 1 1 7 7635 8156 8183 
579 1 3 5 5558 8176 8186 
532 0 4 4 5207 8186 8196 
853 1 5 3 7605 8196 8206 
561 0 6 2 5425 8206 8216 
612 1 7 1 5804 8216 8227 
878 0 2 0 7794 8238 8248 
880 1 3 6 7812 8248 8258 
555 0 4 5 5388 8258 8268 
912 0 0 1 8047 8228 8277 
367 1 5 4 3975 8268 8278 
766 0 6 3 6949 8278 8288 
593 1 7 2 5662 8288 8298 
536 1 1 1 5232 8309 8327 
864 1 3 7 7686 8319 8329 
699 0 4 6 6431 8329 8340 
836 0 0 2 7477 8299 8348 
624 1 5 5 5901 8340 8350 
459 0 6 4 4659 8350 8360 
721 1 7 3 6605 8360 8370 
658 0 2 1 6136 8381 8391 
780 1 3 0 7067 8391 8401 
847 0 4 7 7557 8401 8411 
651 0 0 3 6076 8371 8420 
686 1 5 6 6330 8411 8421 
638 0 6 5 5999 8421 8431 
806 1 7 4 7256 8431 8441 
574 1 1 3 5516 8453 8470 
695 0 2 2 6390 8463 8473 
587 1 3 1 5634 8473 8483 
679 0 0 4 6290 8442 8491 
915 0 4 7 8073 8483 8493 
892 0 6 6 7902 8493 8503 
680 1 7 5 6299 8503 8513 
605 1 1 4 5741 8524 8541 
954 0 2 2 8369 8534 8544 
871 0 4 0 7748 8544 8555 
549 0 0 5 5334 8514 8563 
834 1 5 7 7469 8555 8565 
953 1 7 6 8362 8565 8575 
513 0 2 3 5072 8596 8606 
642 1 1 5 6027 8586 8613 
821 1 3 2 7371 8606 8616 
795 0 0 6 7179 8576 8625 
610 0 4 1 5791 8616 8626 
703 1 5 0 6460 8626 8636 
829 0 6 7 7433 8636 8646 
649 0 2 4 6072 8657 8667 
797 1 1 6 7189 8647 8675 
740 1 3 3 6758 8667 8678 
955 0 4 2 8374 8678 8688 
882 1 5 1 7818 8688 8698 
803 0 6 0 7251 8698 8708 
745 1 7 7 6797 8708 8718 
728 0 2 5 6644 8729 8739 
857 1 3 4 7636 8739 8749 
725 0 4 3 6636 8749 8759 
730 0 0 7 6683 8719 8768 
491 1 5 2 4895 8759 8769 
757 0 6 1 6890 8769 8779 
831 1 7 0 7448 8779 8789 
906 1 1 7 8009 8800 8818 
798 0 2 6 7193 8810 8821 
595 1 3 5 5680 8821 8831 
881 0 0 0 7817 8790 8839 
654 0 4 4 6105 8831 8841 
859 1 5 3 7653 8841 8851 
570 0 6 2 5488 8851 8861 
657 1 7 1 6135 8861 8871 
879 1 1 0 7795 8882 8892 
888 1 3 6 7861 8892 8902 
564 0 4 5 5447 8902 8912 
938 0 0 1 8232 8872 8921 
375 1 5 4 4028 8912 8922 
819 0 6 3 7358 8922 8933 
650 1 7 2 6076 8933 8943 
542 1 1 1 5288 8954 8971 
902 0 2 0 7971 8964 8974 
1024 1 3 7 8879 8974 8984 
843 0 0 2 7531 8944 8993 
793 0 4 6 7159 8984 8994 
640 1 5 5 6009 8994 9004 
499 0 6 4 4955 9004 9014 
739 1 7 3 6744 9014 9024 
1002 1 1 2 8722 9035 9045 
775 0 2 1 7021 9045 9056 
799 1 3 0 7196 9056 9066 
687 0 0 3 6331 9025 9074 
987 0 4 7 8615 9066 9076 
826 1 5 6 7415 9076 9086 
667 0 6 5 6199 9086 9096 
909 1 7 4 8022 9096 9106 
664 1 1 3 6189 9117 9127 
747 1 3 1 6799 9127 9137 
1042 0 4 7 9020 9137 9147 
754 0 0 4 6872 9107 9156 
896 1 7 5 7917 9147 9157 
562 0 2 3 5431 9179 9189 
828 1 3 2 7423 9189 9199 
655 1 1 4 6127 9169 9206 
601 0 0 5 5726 9158 9207 
1026 0 4 0 8907 9199 9209 
1015 1 5 7 8820 9209 9219 
1058 0 6 6 9138 9219 9229 
719 0 2 4 6591 9240 9256 
652 1 1 5 6080 9230 9258 
849 1 3 2 7586 9250 9260 
639 0 4 1 6007 9260 9270 
720 1 5 0 6597 9270 9281 
876 0 6 7 7791 9281 9291 
993 1 7 6 8658 9291 9301 
756 0 2 5 6877 9312 9322 
808 1 3 3 7261 9322 9332 
996 0 4 2 8676 9332 9342 
945 0 0 6 8293 9302 9351 
921 1 5 1 8116 9342 9352 
837 0 6 0 7486 9352 9362 
814 1 7 7 7314 9362 9372 
982 1 1 6 8572 9383 9401 
956 1 3 4 8376 9394 9404 
731 0 4 3 6685 9404 9414 
737 0 0 7 6743 9373 9422 
608 1 5 2 5772 9414 9424 
851 0 6 1 7594 9424 9434 
942 1 7 0 8283 9434 9444 
950 1 1 7 8335 9455 9472 
816 0 2 6 7333 9465 9475 
603 1 3 5 5737 9475 9485 
905 0 0 0 7994 9445 9494 
802 0 4 4 7214 9485 9495 
874 1 5 3 7757 9495 9505 
589 0 6 2 5645 9505 9516 
688 1 7 1 6346 9516 9526 
967 1 1 0 8458 9537 9547 
1049 0 2 7 9084 9547 9557 
911 1 3 6 8034 9557 9567 
980 0 0 1 8553 9527 9576 
581 0 4 5 5572 9567 9577 
383 1 5 4 4090 9577 9587 
844 0 6 3 7537 9587 9597 
785 1 7 2 7090 9597 9607 
671 1 1 1 6232 9618 9628 
910 0 2 0 8032 9628 9638 
824 0 4 6 7394 9638 9649 
952 0 0 2 8347 9608 9657 
662 1 5 5 6168 9649 9659 
546 0 6 4 5311 9659 9669 
753 1 7 3 6860 9669 9679 
1052 1 1 2 9091 9690 9707 
840 0 2 1 7508 9700 9710 
835 1 3 0 7472 9710 9720 
701 0 0 3 6450 9680 9729 
895 1 5 6 7914 9720 9730 
867 0 6 5 7720 9730 9740 
981 1 7 4 8568 9740 9750 
683 1 1 3 6312 9761 9779 
1105 0 2 2 9500 9771 9781 
841 1 3 1 7513 9781 9791 
765 0 0 4 6947 9751 9800 
1048 0 4 0 9080 9791 9802 
1039 1 5 7 9001 9802 9812 
1075 0 6 6 9268 9812 9822 
975 1 7 5 8523 9822 9832 
690 1 1 4 6374 9843 9853 
615 0 2 3 5819 9853 9863 
946 1 3 2 8299 9863 9873 
707 0 0 5 6493 9833 9882 
715 0 4 1 6562 9873 9883 
1047 1 5 7 9072 9883 9893 
1000 1 7 6 8706 9893 9903 
698 1 1 5 6425 9915 9932 
783 0 2 4 7085 9925 9935 
870 1 3 3 7741 9935 9945 
989 0 0 6 8622 9904 9953 
1011 0 4 2 8788 9945 9955 
1096 1 5 7 9427 9955 9965 
825 0 2 5 7400 9976 9986 
991 1 3 4 8644 9986 9996 
994 1 1 6 8668 9966 10004 
738 0 4 3 6743 9996 10006 
735 1 5 0 6717 10006 10016 
886 0 6 7 7847 10016 10027 
636 1 3 5 5988 10038 10048 
868 0 2 6 7723 10028 10054 
900 0 4 4 7958 10048 10058 
931 1 5 1 8188 10058 10068 
951 0 6 0 8344 10068 10078 
883 1 7 7 7839 10078 10088 
923 1 3 6 8133 10099 10109 
588 0 4 5 5641 10109 10119 
645 1 5 2 6051 10119 10129 
790 0 0 7 7136 10089 10138 
979 0 6 1 8549 10129 10140 
1009 1 7 0 8768 10140 10150 
884 0 4 6 7841 10171 10181 
1037 1 1 7 8990 10161 10188 
977 1 5 3 8543 10181 10191 
1038 0 0 0 8999 10151 10200 
597 0 6 2 5689 10191 10201 
761 1 7 1 6932 10201 10211 
1125 0 2 7 9663 10232 10243 
1094 1 1 0 9423 10222 10250 
440 1 5 4 4509 10243 10253 
1021 0 0 1 8870 10212 10261 
1065 0 6 3 9200 10253 10263 
794 1 7 2 7159 10263 10273 
920 0 2 0 8104 10294 10304 
805 1 1 1 7255 10284 10311 
1145 1 3 7 9789 10304 10314 
1005 0 0 2 8753 10274 10323 
751 1 5 5 6849 10314 10324 
585 0 6 4 5601 10324 10334 
858 1 7 3 7647 10334 10345 
1118 1 1 2 9601 10356 10373 
860 0 2 1 7669 10366 10376 
903 1 3 0 7984 10376 10386 
823 0 0 3 7385 10346 10395 
1218 0 4 7 10341 10386 10396 
1069 1 5 6 9234 10396 10406 
908 0 6 5 8018 10406 10416 
1056 1 7 4 9135 10416 10426 
718 1 1 3 6572 10438 10448 
1138 0 2 2 9740 10448 10458 
966 1 3 1 8450 10458 10468 
804 0 0 4 7254 10428 10477 
1059 0 4 0 9154 10468 10478 
1097 0 6 6 9436 10478 10488 
1019 1 7 5 8856 10488 10498 
705 1 1 4 6480 10509 10527 
668 0 2 3 6209 10519 10529 
1006 1 3 2 8753 10529 10539 
772 0 0 5 7006 10499 10548 
877 0 4 1 7792 10539 10550 
1231 1 5 7 10432 10550 10560 
1029 1 7 6 8917 10560 10570 
822 1 1 5 7378 10581 10598 
944 0 2 4 8291 10591 10601 
974 1 3 3 8523 10601 10611 
1016 0 0 6 8821 10571 10620 
1020 0 4 2 8858 10611 10621 
742 1 5 0 6775 10621 10631 
962 0 6 7 8420 10631 10641 
832 0 2 5 7449 10653 10663 
1022 1 1 6 8876 10643 10670 
1032 1 3 4 8953 10663 10673 
759 0 4 3 6911 10673 10683 
997 1 5 1 8678 10683 10693 
969 0 6 0 8474 10693 10703 
1012 1 7 7 8811 10703 10713 
976 0 2 6 8530 10724 10734 
665 1 3 5 6193 10734 10744 
963 0 4 4 8440 10744 10755 
890 0 0 7 7880 10714 10763 
678 1 5 2 6278 10755 10765 
986 0 6 1 8608 10765 10775 
1188 1 7 0 10107 10775 10785 
1113 1 1 7 9547 10796 10813 
983 1 3 6 8581 10806 10816 
598 0 4 5 5700 10816 10826 
1046 0 0 0 9046 10786 10835 
1023 1 5 3 8877 10826 10836 
629 0 6 2 5926 10836 10846 
769 1 7 1 6984 10846 10856 
1146 1 1 0 9796 10868 10885 
1147 0 2 7 9797 10878 10888 
891 0 4 6 7895 10888 10898 
1102 0 0 1 9471 10858 10907 
758 1 5 4 6896 10898 10908 
1089 0 6 3 9377 10908 10918 
801 1 7 2 7202 10918 10928 
934 1 1 1 8212 10939 10957 
936 0 2 0 8225 10949 10959 
1164 1 3 7 9924 10959 10969 
1157 0 0 2 9867 10929 10978 
764 1 5 5 6944 10969 10979 
672 0 6 4 6239 10979 10990 
901 1 7 3 7966 10990 11000 
1151 1 1 2 9843 11011 11028 
885 0 2 1 7842 11021 11031 
916 1 3 0 8074 11031 11041 
830 0 0 3 7437 11001 11050 
1227 0 4 7 10418 11041 11051 
1275 1 5 6 10774 11051 11061 
924 0 6 5 8141 11061 11071 
1154 1 7 4 9855 11071 11081 
734 1 1 3 6705 11093 11103 
1153 0 2 2 9848 11103 11113 
1060 1 3 1 9161 11113 11123 
854 0 0 4 7606 11082 11131 
1109 0 4 0 9527 11123 11133 
1255 1 5 7 10621 11133 11143 
1141 0 6 6 9763 11143 11153 
1035 1 7 5 8969 11153 11163 
724 1 1 4 6628 11174 11184 
1083 0 2 3 9329 11184 11195 
1100 1 3 2 9456 11195 11205 
779 0 0 5 7061 11164 11213 
935 0 4 1 8216 11205 11215 
792 1 5 0 7142 11215 11225 
1025 0 6 7 8897 11225 11235 
1045 1 7 6 9044 11235 11245 
872 1 1 5 7755 11256 11266 
985 0 2 4 8605 11266 11276 
1134 1 3 3 9722 11276 11286 
1101 0 4 2 9460 11286 11296 
1062 1 5 1 9170 11296 11306 
1007 0 6 0 8756 11306 11317 
1078 1 7 7 9295 11317 11327 
