1 0 0 7 22419 22419 22429 
5 0 4 1 22419 22429 22439 
6 1 5 2 22419 22449 22459 
9 1 5 4 22466 22469 22479 
2 1 1 1 22419 22439 22489 
11 0 4 3 22476 22479 22489 
14 1 1 6 22482 22489 22499 
12 0 2 7 22478 22509 22519 
7 0 6 2 22420 22519 22529 
3 0 2 1 22419 22459 22539 
21 1 1 5 22536 22540 22550 
10 0 6 4 22466 22570 22580 
16 0 0 1 22495 22499 22589 
24 0 0 6 22571 22580 22590 
18 1 5 5 22525 22550 22600 
27 1 1 3 22592 22610 22620 
28 0 4 4 22594 22600 22630 
19 0 4 1 22527 22529 22639 
17 0 6 6 22519 22590 22640 
22 0 2 5 22539 22560 22650 
33 0 4 0 22635 22640 22650 
30 1 5 4 22602 22620 22680 
35 0 0 1 22649 22650 22689 
29 0 2 6 22601 22630 22690 
39 0 4 2 22682 22691 22701 
41 0 2 7 22694 22701 22711 
44 0 0 3 22705 22711 22721 
36 0 2 4 22651 22661 22730 
37 1 1 6 22665 22671 22740 
45 1 1 2 22720 22721 22751 
31 0 6 1 22626 22751 22761 
25 0 6 3 22577 22741 22771 
46 1 5 4 22730 22731 22780 
38 1 5 6 22672 22681 22790 
52 0 2 2 22766 22792 22802 
54 0 4 1 22795 22802 22812 
53 0 0 3 22769 22771 22821 
47 0 4 4 22755 22761 22830 
55 1 5 5 22804 22822 22832 
58 1 1 6 22809 22812 22840 
61 0 0 0 22845 22852 22862 
51 1 1 3 22763 22781 22871 
60 0 2 4 22830 22832 22880 
63 1 5 1 22865 22872 22882 
50 0 6 6 22763 22862 22890 
65 0 4 5 22873 22882 22892 
68 1 1 2 22888 22892 22902 
42 0 6 4 22697 22842 22930 
64 0 2 1 22870 22902 22932 
70 0 2 3 22921 22922 22932 
57 0 6 5 22808 22912 22942 
71 1 5 0 22925 22942 22953 
74 0 4 6 22951 22953 22963 
72 0 0 4 22925 22932 22980 
78 0 0 2 22971 22973 22983 
80 1 5 1 22980 22983 22993 
79 0 2 6 22977 22993 23013 
66 0 6 7 22875 23003 23013 
81 0 4 3 23003 23013 23023 
76 1 1 4 22956 22963 23030 
84 1 1 1 23020 23023 23043 
73 0 6 7 22938 23033 23063 
87 0 0 3 23041 23043 23073 
86 0 2 4 23036 23074 23084 
91 0 6 0 23077 23094 23104 
88 1 5 7 23046 23053 23113 
89 0 4 3 23063 23063 23123 
96 0 0 5 23106 23114 23124 
82 0 6 4 23015 23084 23134 
95 1 5 2 23102 23124 23134 
93 1 1 3 23097 23104 23173 
103 1 1 5 23152 23154 23174 
104 0 0 6 23156 23164 23174 
94 0 2 2 23098 23134 23184 
99 1 5 7 23142 23174 23184 
106 1 5 0 23184 23195 23205 
102 0 2 3 23148 23184 23224 
108 0 2 5 23198 23205 23224 
110 0 0 6 23207 23215 23225 
98 0 4 2 23135 23144 23234 
112 1 1 4 23218 23235 23245 
118 0 4 5 23258 23265 23275 
111 0 4 2 23207 23225 23284 
97 0 6 3 23122 23275 23285 
113 1 5 4 23225 23245 23295 
125 0 4 7 23310 23316 23326 
115 0 2 2 23238 23255 23334 
119 0 0 3 23277 23285 23335 
126 0 0 5 23317 23326 23336 
124 1 5 4 23301 23305 23345 
128 1 1 6 23334 23336 23346 
123 0 2 2 23296 23346 23384 
122 1 1 3 23293 23295 23385 
129 0 2 0 23341 23376 23386 
130 1 5 4 23347 23356 23395 
135 0 0 6 23386 23396 23406 
140 0 4 5 23416 23416 23426 
133 0 4 2 23365 23366 23435 
136 0 2 0 23396 23406 23436 
141 1 5 1 23424 23426 23436 
134 1 1 4 23383 23386 23445 
142 1 1 5 23432 23436 23476 
105 0 6 0 23171 23456 23486 
114 0 6 1 23229 23466 23486 
145 0 2 3 23467 23477 23487 
143 0 0 4 23437 23446 23495 
148 1 5 6 23477 23497 23507 
147 0 4 5 23477 23487 23526 
152 0 0 0 23514 23517 23536 
120 0 6 4 23279 23507 23545 
151 1 1 2 23512 23537 23547 
156 0 2 7 23537 23547 23557 
158 1 1 3 23560 23567 23577 
153 0 4 0 23519 23527 23586 
161 0 0 6 23572 23577 23587 
157 1 5 4 23551 23557 23595 
165 1 5 1 23596 23597 23608 
164 0 2 3 23595 23608 23627 
160 0 4 6 23568 23587 23637 
167 0 4 4 23623 23628 23645 
169 1 1 7 23631 23638 23648 
131 0 6 2 23353 23648 23658 
166 0 0 3 23616 23618 23677 
172 1 5 6 23655 23658 23687 
173 0 2 4 23658 23668 23696 
177 0 4 1 23689 23708 23718 
138 0 6 3 23400 23688 23727 
179 0 2 0 23699 23718 23728 
174 1 1 6 23673 23678 23738 
181 1 5 2 23723 23728 23738 
182 1 1 4 23729 23738 23748 
187 0 0 3 23767 23769 23779 
178 0 0 6 23690 23698 23788 
186 0 4 2 23743 23748 23788 
144 0 6 7 23449 23779 23789 
185 0 2 4 23742 23759 23799 
192 1 5 1 23792 23799 23809 
193 0 4 5 23799 23819 23829 
194 0 2 0 23808 23829 23839 
190 1 1 4 23783 23789 23849 
195 0 0 1 23809 23809 23859 
200 1 1 2 23857 23869 23879 
159 0 6 0 23562 23849 23889 
203 0 4 6 23874 23879 23889 
150 0 6 4 23496 23839 23899 
208 0 0 2 23906 23909 23929 
206 1 1 7 23901 23920 23930 
199 0 0 0 23854 23859 23939 
207 0 2 5 23902 23930 23940 
212 0 4 4 23939 23940 23950 
214 1 1 7 23956 23960 23980 
213 0 2 1 23953 23970 23980 
202 1 5 0 23863 23889 23989 
216 0 0 5 23972 23980 23990 
211 1 5 4 23936 23950 24000 
201 0 2 0 23858 23899 24039 
220 0 0 5 24014 24020 24040 
175 0 6 4 23675 24010 24050 
222 0 2 6 24022 24061 24071 
227 0 0 2 24066 24071 24081 
218 1 5 0 23978 23990 24089 
232 0 4 7 24077 24081 24091 
221 0 4 4 24015 24030 24100 
235 0 0 3 24106 24111 24121 
170 0 6 0 23631 24000 24139 
229 1 1 7 24070 24091 24141 
224 1 1 4 24029 24040 24150 
184 0 6 3 23734 24131 24171 
241 0 0 1 24154 24161 24171 
237 0 4 0 24144 24151 24190 
233 1 5 7 24100 24101 24191 
243 1 5 5 24176 24182 24192 
223 1 5 4 24024 24050 24200 
191 0 6 3 23787 24141 24221 
197 0 6 0 23842 24222 24240 
236 1 1 7 24143 24171 24241 
248 0 2 2 24228 24232 24242 
231 0 2 4 24077 24121 24250 
251 1 5 5 24234 24252 24262 
252 1 1 0 24262 24262 24290 
240 0 2 7 24148 24192 24291 
250 0 0 2 24232 24242 24292 
255 0 0 6 24281 24282 24292 
245 0 4 4 24197 24202 24300 
261 1 1 5 24321 24323 24333 
244 1 1 7 24192 24212 24341 
258 0 2 2 24301 24303 24342 
260 0 4 6 24311 24313 24343 
259 1 5 4 24305 24333 24350 
228 0 6 3 24067 24353 24363 
253 0 4 7 24266 24272 24391 
267 1 1 2 24367 24373 24392 
265 0 0 4 24355 24363 24401 
269 0 4 3 24390 24393 24413 
273 1 1 6 24407 24413 24424 
274 0 0 0 24422 24424 24434 
209 0 6 7 23916 24292 24441 
266 1 5 2 24360 24383 24442 
275 1 5 4 24430 24434 24451 
278 0 4 3 24445 24454 24464 
238 0 6 1 24147 24474 24484 
219 0 6 7 23991 24343 24491 
276 0 2 2 24439 24444 24492 
283 1 5 0 24489 24494 24504 
280 1 1 3 24457 24464 24514 
286 1 1 5 24499 24514 24524 
287 0 4 1 24503 24504 24534 
268 0 2 7 24373 24403 24542 
282 0 0 2 24478 24484 24543 
293 0 4 5 24551 24555 24574 
288 0 2 1 24512 24524 24584 
246 0 6 7 24213 24565 24592 
296 1 1 2 24572 24575 24593 
295 0 2 4 24565 24605 24615 
301 0 4 6 24612 24615 24625 
290 0 0 1 24532 24534 24634 
298 1 5 2 24576 24595 24643 
305 1 1 5 24635 24645 24655 
306 1 5 7 24644 24655 24665 
304 0 0 6 24632 24635 24675 
291 1 5 1 24532 24545 24684 
263 0 6 4 24340 24675 24685 
257 0 6 5 24293 24665 24705 
313 1 1 7 24704 24705 24715 
311 0 0 6 24686 24695 24725 
297 0 0 1 24576 24585 24735 
316 1 5 2 24723 24726 24736 
319 0 0 7 24743 24746 24766 
302 0 2 1 24613 24625 24785 
321 1 1 2 24754 24766 24786 
324 1 5 4 24773 24776 24786 
327 1 1 0 24811 24816 24826 
309 0 4 1 24677 24685 24835 
281 0 6 2 24463 24806 24836 
320 0 2 4 24747 24786 24836 
330 0 2 3 24820 24836 24846 
310 0 2 1 24678 24715 24885 
333 1 5 2 24849 24856 24886 
335 0 0 4 24865 24866 24886 
334 0 4 3 24859 24877 24896 
336 0 2 5 24878 24887 24897 
271 0 6 1 24404 24736 24935 
337 1 1 3 24888 24897 24946 
299 0 6 5 24585 24907 24947 
345 1 1 6 24936 24947 24957 
308 0 6 4 24663 24967 24978 
317 0 4 1 24737 24756 24985 
350 0 4 2 24977 24978 24988 
339 1 5 5 24917 24917 24997 
351 0 0 0 24986 24988 24998 
348 1 5 6 24973 24998 25008 
325 0 4 1 24791 24796 25035 
344 0 0 5 24925 24927 25047 
322 0 6 2 24758 25038 25048 
353 1 1 6 25002 25008 25058 
329 0 0 1 24818 24826 25085 
343 0 2 5 24924 24957 25097 
362 1 1 2 25072 25078 25098 
352 0 2 6 24997 25018 25108 
289 0 6 1 24512 24846 25135 
357 0 2 5 25047 25048 25147 
363 0 2 2 25093 25098 25148 
367 1 5 4 25109 25139 25149 
315 0 6 6 24718 25028 25158 
328 0 6 7 24816 25149 25159 
374 0 0 3 25156 25159 25169 
340 0 4 1 24919 24937 25185 
358 1 5 5 25051 25088 25197 
377 0 4 4 25174 25179 25199 
359 0 4 6 25055 25058 25208 
373 0 2 7 25156 25199 25209 
381 0 0 3 25200 25209 25219 
360 0 0 1 25059 25068 25235 
368 1 1 5 25112 25118 25247 
375 1 5 4 25162 25189 25249 
382 1 1 6 25212 25219 25258 
338 0 6 3 24896 25260 25270 
365 0 0 1 25100 25108 25285 
370 0 4 5 25124 25129 25298 
383 1 5 4 25224 25229 25299 
392 0 4 2 25286 25290 25300 
386 0 4 6 25234 25239 25308 
393 1 1 0 25289 25300 25310 
390 0 0 3 25272 25280 25320 
391 1 5 7 25275 25310 25320 
376 1 1 1 25162 25169 25336 
380 0 2 4 25199 25249 25349 
395 1 5 2 25315 25320 25350 
388 0 2 6 25261 25270 25358 
397 0 4 7 25328 25330 25370 
401 0 0 0 25352 25361 25371 
400 1 1 3 25351 25371 25381 
402 1 5 2 25357 25381 25400 
406 0 4 5 25390 25391 25401 
398 0 2 6 25330 25340 25408 
409 0 0 3 25418 25421 25431 
354 0 6 2 25020 25431 25450 
404 0 2 5 25371 25401 25451 
346 0 6 6 24969 25350 25459 
410 1 5 0 25432 25451 25461 
361 0 6 3 25065 25471 25481 
407 1 1 5 25401 25411 25501 
418 0 0 2 25489 25491 25501 
413 0 2 6 25443 25461 25509 
416 1 1 4 25481 25501 25511 
423 0 4 1 25519 25522 25532 
411 0 4 5 25439 25441 25551 
424 1 1 2 25537 25542 25552 
426 0 0 3 25543 25552 25562 
366 0 6 5 25106 25481 25601 
425 1 5 2 25541 25562 25602 
431 0 4 6 25587 25592 25602 
427 0 2 3 25543 25572 25612 
436 0 2 0 25613 25632 25642 
417 1 5 5 25487 25511 25651 
378 0 6 2 25175 25582 25652 
432 1 1 6 25594 25612 25652 
440 1 5 4 25643 25652 25662 
385 0 6 3 25230 25662 25673 
442 1 1 1 25665 25673 25683 
439 0 4 0 25642 25642 25692 
420 0 2 5 25499 25532 25701 
434 1 5 6 25602 25622 25702 
394 0 6 2 25294 25693 25703 
448 1 5 3 25713 25713 25723 
433 0 0 5 25598 25602 25751 
443 0 0 6 25673 25683 25752 
447 0 4 2 25703 25703 25753 
451 1 1 4 25729 25743 25753 
446 0 2 3 25693 25723 25773 
450 0 0 5 25728 25733 25801 
454 0 2 2 25753 25753 25803 
459 1 1 4 25793 25793 25803 
463 0 2 0 25808 25834 25844 
455 0 4 5 25756 25763 25851 
464 1 5 2 25820 25824 25853 
460 0 4 4 25797 25803 25854 
466 0 4 6 25845 25854 25864 
469 1 1 7 25859 25864 25874 
471 1 5 0 25880 25884 25894 
456 1 5 5 25768 25773 25901 
412 0 6 4 25439 25844 25904 
467 0 2 6 25851 25894 25914 
474 1 1 3 25904 25904 25914 
478 0 0 7 25924 25924 25934 
403 0 6 5 25361 25783 25952 
477 0 2 6 25907 25934 25964 
479 1 5 0 25950 25955 25965 
430 0 6 2 25582 25965 25975 
483 0 0 3 25968 25975 25985 
484 0 4 1 25981 25985 25995 
462 0 0 5 25805 25813 26002 
486 0 2 0 25982 26005 26015 
438 0 6 7 25632 26015 26025 
444 0 6 2 25680 26025 26035 
485 1 1 1 25981 25995 26045 
470 0 0 5 25870 25874 26052 
493 0 0 4 26039 26045 26055 
494 0 4 6 26047 26055 26065 
491 1 5 2 26029 26035 26085 
490 0 2 0 26028 26075 26085 
475 0 4 5 25905 25914 26102 
499 1 1 4 26088 26096 26106 
502 0 0 7 26104 26106 26116 
492 1 1 2 26037 26065 26135 
500 0 2 6 26089 26126 26136 
453 0 6 3 25736 26136 26146 
422 0 6 5 25512 25944 26152 
461 0 6 0 25804 26146 26156 
510 1 7 7 26157 0 0 
512 1 3 7 26174 0 0 
508 0 4 4 26151 26166 26176 
505 0 0 2 26146 26156 26185 
509 1 5 6 26155 26186 26196 
498 1 5 5 26084 26085 26202 
513 0 4 3 26206 26206 26216 
519 1 7 3 26232 0 0 
506 1 1 2 26147 26176 26235 
520 1 3 6 26246 0 0 
514 1 5 6 26213 26236 26247 
501 0 4 5 26096 26116 26252 
515 0 0 3 26214 26216 26266 
472 0 6 7 25882 26257 26267 
522 1 1 1 26265 26267 26277 
526 1 3 4 26292 0 0 
528 1 7 4 26294 0 0 
521 0 2 2 26257 26287 26297 
507 0 2 5 26151 26196 26302 
527 0 0 6 26293 26297 26307 
517 1 1 3 26214 26226 26317 
525 1 5 7 26291 26307 26317 
480 0 6 1 25954 26317 26327 
529 1 1 0 26320 26327 26337 
532 1 7 4 26341 0 0 
516 0 2 5 26214 26247 26352 
536 1 3 1 26366 0 0 
535 0 0 4 26348 26357 26367 
534 0 4 2 26347 26367 26377 
530 0 2 0 26321 26337 26387 
537 1 1 1 26369 26377 26387 
523 0 4 5 26274 26277 26402 
540 1 7 1 26407 0 0 
538 0 2 6 26372 26398 26408 
542 1 3 1 26422 0 0 
488 0 6 0 26016 26347 26437 
533 1 5 1 26347 26387 26438 
544 0 0 7 26424 26428 26438 
547 1 7 5 26449 0 0 
496 0 6 6 26068 26408 26458 
546 1 1 4 26445 26448 26458 
549 0 0 5 26468 26468 26478 
541 1 5 0 26409 26418 26487 
543 0 4 1 26423 26438 26488 
550 1 5 3 26473 26478 26488 
554 1 3 3 26494 0 0 
553 1 1 7 26492 26508 26518 
555 1 7 5 26521 0 0 
551 0 2 4 26489 26518 26528 
545 0 2 0 26443 26458 26537 
504 0 6 1 26111 26488 26538 
511 0 6 2 26163 26528 26538 
556 1 5 5 26532 26538 26548 
560 1 3 3 26558 0 0 
558 0 0 3 26547 26548 26559 
559 0 4 4 26548 26559 26578 
564 1 7 5 26580 0 0 
552 0 4 0 26490 26498 26588 
561 1 1 2 26559 26569 26588 
565 0 0 7 26588 26589 26599 
567 1 3 5 26606 0 0 
562 0 2 3 26564 26579 26609 
563 1 5 1 26580 26609 26619 
569 0 2 5 26608 26619 26629 
570 1 1 2 26622 26629 26639 
566 0 4 7 26589 26599 26649 
572 0 4 0 26634 26639 26649 
573 1 7 6 26649 0 0 
574 1 3 3 26650 0 0 
575 0 0 6 26661 26669 26679 
571 1 5 7 26629 26649 26699 
581 1 7 5 26708 0 0 
579 0 4 5 26692 26700 26710 
583 1 3 5 26724 0 0 
576 1 1 6 26666 26679 26729 
524 0 6 1 26276 26720 26730 
518 0 6 7 26219 26659 26749 
585 1 1 4 26735 26750 26760 
586 0 2 5 26752 26760 26770 
588 1 7 5 26777 0 0 
580 1 5 6 26703 26710 26780 
587 0 4 1 26768 26770 26780 
589 1 1 2 26779 26780 26790 
593 1 3 2 26796 0 0 
578 0 2 7 26683 26689 26799 
584 0 0 6 26730 26740 26830 
592 0 2 1 26796 26810 26830 
595 0 4 5 26814 26820 26830 
599 1 7 6 26836 0 0 
590 1 5 2 26781 26790 26840 
596 1 1 4 26822 26830 26840 
531 0 6 7 26335 26730 26849 
602 1 3 6 26864 0 0 
594 0 0 6 26798 26800 26880 
600 0 2 1 26842 26850 26880 
601 0 0 5 26859 26860 26880 
597 1 5 2 26823 26840 26890 
539 0 6 7 26403 26870 26899 
608 1 7 2 26907 0 0 
607 1 5 0 26888 26901 26911 
603 0 4 5 26871 26881 26930 
609 0 0 1 26920 26921 26931 
612 1 3 1 26938 0 0 
606 0 2 7 26885 26911 26949 
613 0 4 3 26940 26941 26951 
604 1 1 5 26875 26891 26980 
610 1 1 1 26925 26931 26981 
616 1 7 3 26983 0 0 
619 1 3 5 26998 0 0 
615 0 2 3 26953 26961 27001 
617 1 1 6 26985 26991 27001 
611 1 5 5 26933 26951 27031 
548 0 6 1 26464 26971 27031 
625 1 7 7 27036 0 0 
620 0 2 2 27004 27032 27042 
621 0 4 3 27007 27011 27051 
618 0 0 6 26995 27001 27051 
628 1 3 3 27058 0 0 
627 0 0 4 27056 27062 27072 
622 1 5 5 27010 27022 27081 
557 0 6 1 26540 26981 27081 
626 0 4 2 27051 27052 27092 
630 1 1 0 27080 27082 27092 
633 1 7 6 27097 0 0 
634 1 3 3 27099 0 0 
577 0 6 7 26667 27112 27122 
624 1 1 5 27035 27042 27131 
631 0 2 1 27081 27092 27131 
639 1 7 1 27142 0 0 
629 1 5 2 27060 27072 27142 
568 0 6 0 26607 27102 27142 
641 1 3 0 27154 0 0 
635 0 0 7 27115 27122 27172 
636 0 4 5 27122 27132 27181 
643 0 0 3 27164 27172 27183 
644 0 2 4 27164 27183 27193 
646 1 7 3 27193 0 0 
645 1 1 2 27185 27193 27203 
650 1 3 2 27209 0 0 
637 0 2 7 27124 27162 27222 
638 1 5 5 27133 27142 27231 
651 0 0 3 27210 27213 27233 
647 1 5 1 27198 27223 27233 
654 1 7 4 27240 0 0 
649 0 2 4 27205 27233 27243 
648 0 4 2 27200 27203 27253 
582 0 6 0 26724 27253 27263 
657 1 3 1 27268 0 0 
591 0 6 7 26781 27263 27273 
640 1 1 5 27144 27152 27281 
653 1 1 1 27239 27243 27283 
661 1 7 3 27286 0 0 
660 0 4 2 27274 27283 27303 
656 1 5 3 27264 27293 27303 
663 1 3 5 27312 0 0 
659 0 0 0 27272 27273 27313 
662 1 1 5 27302 27303 27331 
658 0 2 1 27269 27313 27333 
666 0 0 4 27330 27334 27344 
669 1 7 3 27350 0 0 
674 1 3 7 27378 0 0 
598 0 6 5 26835 27324 27381 
670 1 1 1 27354 27364 27383 
676 1 7 7 27392 0 0 
672 0 0 4 27373 27374 27394 
675 0 4 3 27382 27384 27394 
678 1 1 2 27412 27414 27424 
665 0 4 5 27327 27344 27431 
680 1 3 5 27433 0 0 
673 1 5 4 27374 27394 27444 
668 0 2 3 27342 27404 27444 
677 0 2 6 27403 27434 27444 
685 1 7 5 27455 0 0 
682 0 4 2 27437 27454 27474 
688 1 3 1 27480 0 0 
667 1 5 5 27334 27354 27481 
679 1 5 4 27424 27424 27494 
681 0 0 3 27436 27444 27494 
686 1 1 6 27464 27465 27494 
689 0 4 0 27493 27495 27505 
691 1 1 2 27514 27515 27525 
695 1 7 2 27525 0 0 
693 0 0 7 27516 27525 27535 
605 0 6 4 26876 27505 27544 
687 1 5 3 27465 27475 27544 
684 0 2 6 27453 27485 27544 
697 1 3 4 27554 0 0 
694 0 2 5 27519 27555 27565 
692 1 5 2 27516 27535 27575 
700 1 7 7 27579 0 0 
696 0 4 6 27545 27545 27595 
701 1 5 3 27584 27585 27596 
702 0 0 1 27587 27596 27606 
706 1 3 3 27617 0 0 
703 1 1 0 27594 27616 27626 
623 0 6 2 27021 27626 27636 
699 0 2 6 27565 27565 27645 
710 1 7 0 27651 0 0 
707 1 5 5 27627 27646 27656 
708 0 2 7 27634 27656 27666 
709 0 0 2 27634 27636 27686 
714 0 4 3 27675 27676 27686 
614 0 6 6 26942 27575 27695 
716 1 3 0 27696 0 0 
712 1 1 1 27673 27686 27696 
632 0 6 5 27084 27666 27706 
713 1 5 7 27674 27696 27716 
717 0 0 0 27701 27706 27716 
719 1 7 4 27726 0 0 
721 1 3 3 27738 0 0 
704 0 4 6 27596 27606 27745 
715 0 2 1 27696 27716 27746 
642 0 6 5 27162 27726 27756 
720 1 1 0 27731 27737 27766 
722 0 4 7 27748 27757 27767 
728 1 7 5 27780 0 0 
723 1 5 1 27750 27767 27796 
727 1 1 3 27771 27787 27797 
729 1 3 6 27805 0 0 
652 0 6 5 27215 27747 27806 
726 0 0 7 27770 27777 27817 
655 0 6 4 27261 27807 27817 
725 0 2 3 27770 27797 27847 
733 0 0 1 27830 27837 27847 
736 1 7 6 27857 0 0 
730 1 5 7 27817 27847 27867 
732 0 4 4 27826 27827 27867 
735 1 1 0 27851 27858 27868 
738 1 3 3 27877 0 0 
664 0 6 3 27323 27817 27897 
737 0 2 7 27877 27888 27917 
741 0 0 4 27907 27908 27918 
744 1 3 2 27921 0 0 
742 1 1 0 27909 27918 27928 
746 1 7 7 27933 0 0 
671 0 6 1 27367 27928 27938 
731 0 2 3 27819 27868 27947 
745 1 5 7 27930 27948 27967 
748 0 2 6 27957 27959 27969 
747 0 4 1 27933 27938 27988 
690 0 6 4 27509 27979 27989 
752 1 3 5 27991 0 0 
739 1 5 3 27877 27878 27997 
750 0 0 0 27982 27989 27999 
751 1 1 5 27983 27999 28009 
756 1 7 5 28012 0 0 
757 0 0 1 28024 28029 28039 
759 1 3 3 28044 0 0 
740 0 4 3 27892 27898 28048 
755 0 4 0 28010 28019 28049 
758 1 1 4 28030 28039 28049 
698 0 6 5 27560 28059 28069 
764 1 7 5 28079 0 0 
763 1 1 6 28078 28079 28089 
683 0 6 3 27447 27969 28098 
768 1 3 5 28099 0 0 
754 0 2 4 28006 28049 28099 
761 1 5 1 28066 28099 28110 
762 0 4 5 28069 28069 28119 
770 1 7 4 28120 0 0 
753 1 5 3 27993 28009 28148 
765 0 2 4 28080 28110 28149 
769 1 5 1 28118 28120 28160 
773 0 4 7 28148 28150 28160 
776 1 7 5 28160 0 0 
772 0 2 5 28139 28140 28169 
777 1 3 2 28175 0 0 
766 0 0 3 28083 28089 28198 
705 0 6 4 27615 28130 28199 
775 1 1 1 28155 28170 28210 
711 0 6 7 27667 28190 28210 
779 0 2 5 28194 28200 28220 
781 0 0 6 28202 28210 28220 
785 1 7 2 28225 0 0 
780 0 4 0 28201 28220 28230 
787 1 3 5 28249 0 0 
774 0 0 4 28154 28160 28249 
784 1 5 7 28224 28241 28260 
718 0 6 3 27707 28251 28261 
789 0 4 5 28256 28271 28281 
791 1 1 0 28270 28281 28291 
793 1 3 6 28293 0 0 
794 1 7 2 28294 0 0 
778 1 5 4 28178 28180 28300 
790 0 2 7 28270 28301 28311 
801 1 7 2 28337 0 0 
792 1 5 0 28276 28291 28341 
802 1 3 4 28348 0 0 
783 1 1 4 28219 28230 28350 
798 1 1 6 28327 28341 28351 
800 1 5 7 28334 28351 28361 
734 0 6 3 27840 28371 28382 
799 0 4 0 28330 28331 28391 
806 1 7 4 28391 0 0 
743 0 6 2 27918 28382 28392 
788 0 0 4 28255 28261 28400 
795 0 2 6 28313 28361 28401 
810 1 3 0 28419 0 0 
807 1 1 7 28394 28412 28422 
808 0 4 3 28395 28402 28432 
803 0 0 0 28385 28392 28441 
809 1 5 2 28409 28422 28442 
814 1 7 7 28449 0 0 
724 0 6 4 27763 28311 28450 
812 0 4 5 28438 28442 28452 
811 0 0 7 28425 28432 28472 
818 1 3 3 28477 0 0 
816 1 1 6 28467 28472 28482 
749 0 6 2 27977 28462 28492 
817 1 5 3 28470 28482 28492 
796 0 0 4 28320 28321 28500 
820 1 7 2 28503 0 0 
824 1 3 6 28528 0 0 
815 0 2 2 28466 28502 28542 
819 0 0 3 28491 28492 28542 
804 0 2 4 28388 28452 28550 
825 1 1 5 28534 28543 28553 
826 1 5 6 28549 28553 28563 
831 1 7 0 28583 0 0 
829 0 0 7 28566 28573 28583 
832 1 3 5 28583 0 0 
821 0 4 2 28505 28512 28592 
823 0 2 3 28519 28522 28592 
835 0 4 0 28606 28613 28623 
834 1 5 7 28602 28603 28633 
828 0 4 2 28557 28563 28642 
840 1 3 1 28642 0 0 
760 0 6 3 28045 28532 28642 
842 1 7 1 28656 0 0 
841 0 4 1 28647 28653 28663 
837 0 0 0 28620 28623 28673 
839 1 1 7 28631 28633 28683 
836 0 2 2 28611 28643 28692 
830 0 2 3 28571 28583 28693 
845 1 5 4 28676 28683 28694 
848 1 3 0 28701 0 0 
850 1 7 1 28724 0 0 
771 0 6 0 28138 28714 28724 
847 1 1 7 28692 28694 28733 
843 0 2 2 28665 28704 28742 
833 1 1 3 28583 28593 28743 
851 0 0 1 28728 28734 28744 
855 1 3 5 28750 0 0 
852 1 1 5 28738 28744 28754 
854 0 2 4 28740 28764 28774 
858 1 7 3 28782 0 0 
849 0 4 2 28720 28724 28792 
767 0 6 3 28096 28663 28793 
860 1 3 1 28803 0 0 
786 0 6 6 28248 28804 28814 
857 0 4 4 28770 28774 28824 
864 0 4 7 28820 28824 28834 
844 0 0 3 28671 28673 28843 
861 1 1 5 28808 28834 28845 
866 1 5 2 28833 28845 28855 
868 1 3 6 28857 0 0 
869 1 7 1 28859 0 0 
862 0 0 4 28808 28814 28874 
797 0 6 6 28324 28875 28885 
853 1 5 3 28738 28754 28893 
867 0 0 5 28854 28855 28895 
871 1 1 0 28882 28895 28905 
875 1 7 6 28921 0 0 
878 1 3 0 28928 0 0 
876 0 0 7 28925 28925 28935 
782 0 6 3 28206 28784 28943 
863 0 2 5 28816 28865 28945 
877 1 1 1 28926 28935 28945 
880 0 4 6 28946 28955 28965 
883 1 7 7 28974 0 0 
885 1 3 1 28976 0 0 
859 1 5 3 28787 28794 28993 
805 0 6 1 28390 28945 28995 
886 0 0 7 28981 28985 28995 
884 1 1 6 28975 28975 29015 
887 1 5 4 28993 29006 29016 
881 0 2 0 28950 29016 29026 
893 1 3 1 29038 0 0 
870 0 4 3 28876 28885 29043 
882 1 5 1 28952 28965 29045 
890 0 2 7 29013 29026 29046 
896 1 7 5 29052 0 0 
888 0 4 6 28995 28995 29065 
894 0 4 5 29039 29056 29066 
813 0 6 4 28443 29076 29086 
874 1 5 3 28891 28905 29093 
901 1 7 3 29101 0 0 
902 1 3 0 29105 0 0 
891 1 1 6 29029 29036 29116 
899 0 2 5 29079 29106 29116 
898 0 0 4 29076 29086 29136 
903 0 4 0 29118 29126 29136 
873 0 2 3 28890 28915 29143 
909 1 7 4 29157 0 0 
892 0 0 6 29036 29046 29166 
910 1 3 0 29166 0 0 
822 0 6 5 28513 29116 29166 
900 1 1 4 29092 29096 29186 
904 1 5 0 29124 29136 29186 
912 0 2 1 29181 29187 29197 
895 1 5 6 29048 29066 29216 
908 0 0 5 29152 29156 29216 
827 0 6 3 28553 29207 29217 
918 1 7 2 29227 0 0 
913 1 5 4 29194 29197 29236 
905 0 2 0 29128 29146 29236 
920 1 3 0 29238 0 0 
915 1 1 7 29207 29237 29247 
911 0 4 6 29168 29176 29266 
907 1 1 5 29150 29166 29266 
921 1 5 1 29250 29257 29267 
917 0 0 4 29225 29227 29286 
916 0 4 0 29208 29217 29287 
926 1 3 5 29287 0 0 
927 1 7 2 29294 0 0 
919 0 2 7 29230 29247 29297 
923 0 4 6 29267 29267 29316 
924 0 0 5 29274 29277 29316 
929 1 1 3 29303 29308 29318 
838 0 6 4 28629 29298 29336 
930 0 4 0 29317 29318 29337 
933 1 7 1 29344 0 0 
931 1 5 1 29321 29338 29348 
936 1 3 0 29359 0 0 
922 1 1 5 29262 29287 29367 
937 1 5 2 29363 29368 29378 
932 0 0 4 29327 29328 29386 
939 0 4 0 29370 29378 29388 
935 1 1 1 29350 29358 29398 
942 1 7 0 29418 0 0 
846 0 6 3 28691 29408 29418 
944 1 3 4 29425 0 0 
940 0 0 2 29382 29388 29428 
928 0 2 4 29298 29348 29436 
945 0 2 6 29427 29429 29439 
938 0 2 1 29366 29398 29448 
947 0 0 5 29434 29439 29449 
941 1 1 3 29411 29418 29469 
946 0 4 2 29433 29449 29478 
949 1 1 6 29451 29459 29489 
951 0 0 0 29478 29479 29489 
953 1 7 6 29497 0 0 
948 1 5 5 29440 29469 29499 
954 1 3 2 29503 0 0 
856 0 6 7 28769 29499 29509 
952 0 2 2 29481 29489 29528 
956 0 4 4 29510 29519 29529 
960 1 7 2 29537 0 0 
961 1 3 5 29545 0 0 
962 0 0 7 29554 29559 29570 
965 1 7 2 29578 0 0 
955 1 1 2 29508 29509 29578 
957 1 5 4 29514 29529 29579 
872 0 6 5 28889 29570 29580 
964 1 1 0 29574 29580 29590 
968 1 3 5 29594 0 0 
966 0 4 1 29584 29590 29600 
958 0 2 4 29531 29539 29629 
969 0 0 0 29608 29610 29640 
971 1 5 5 29627 29640 29650 
975 1 7 5 29658 0 0 
976 1 3 6 29664 0 0 
974 0 4 3 29656 29660 29670 
865 0 6 4 28829 29549 29680 
972 1 1 0 29630 29630 29690 
979 0 0 1 29683 29690 29700 
981 1 7 4 29703 0 0 
977 1 1 3 29677 29680 29720 
963 1 5 4 29573 29600 29730 
983 0 4 6 29715 29720 29730 
985 1 3 4 29739 0 0 
879 0 6 0 28929 29650 29740 
980 0 2 1 29687 29710 29750 
984 1 1 2 29737 29740 29751 
988 1 7 2 29752 0 0 
897 0 6 3 29066 29730 29770 
987 1 5 7 29749 29761 29771 
992 1 3 5 29779 0 0 
970 0 2 4 29611 29620 29780 
989 0 2 6 29755 29771 29781 
993 1 7 6 29793 0 0 
986 0 0 1 29742 29751 29800 
906 0 6 7 29144 29791 29821 
996 1 5 2 29810 29811 29821 
889 0 6 4 29010 29670 29830 
999 0 0 5 29819 29821 29831 
1000 1 7 6 29841 0 0 
998 0 4 6 29819 29831 29841 
997 1 1 1 29812 29841 29851 
1001 1 3 0 29854 0 0 
978 1 5 4 29678 29700 29880 
995 0 2 5 29810 29851 29881 
1003 1 5 1 29857 29862 29902 
1007 0 0 0 29890 29892 29902 
1009 1 7 0 29903 0 0 
1010 1 3 5 29908 0 0 
1006 0 4 2 29887 29902 29912 
991 0 4 4 29778 29781 29930 
925 0 6 5 29281 29872 29931 
1013 1 7 0 29946 0 0 
934 0 6 1 29347 29932 29952 
1005 0 2 2 29887 29912 29962 
1012 0 4 7 29946 29952 29962 
914 0 6 4 29204 29801 29980 
943 0 6 5 29424 29942 29982 
1018 1 3 6 29983 0 0 
1016 0 2 6 29955 29982 29992 
1011 1 5 2 29922 29922 30012 
1015 1 1 7 29954 29962 30012 
1024 1 7 7 30014 0 0 
1004 1 1 4 29875 29882 30030 
1019 0 4 5 29991 29992 30032 
1021 0 2 1 30004 30023 30033 
1022 1 1 6 30010 30012 30042 
1028 1 3 5 30051 0 0 
1026 1 5 0 30041 30043 30053 
1017 0 0 2 29969 29972 30062 
1025 0 0 7 30031 30033 30062 
1027 1 1 4 30050 30063 30080 
1032 1 7 4 30088 0 0 
1034 1 3 1 30092 0 0 
1029 0 4 6 30052 30053 30092 
1033 1 5 1 30091 30093 30103 
1020 1 5 2 29992 30002 30112 
950 0 6 7 29470 30083 30112 
1035 0 4 5 30103 30103 30113 
1031 0 2 4 30070 30073 30130 
1040 1 3 5 30146 0 0 
1041 1 7 4 30150 0 0 
959 0 6 1 29534 30123 30153 
1038 0 2 0 30133 30144 30154 
1037 1 1 7 30124 30133 30162 
1036 0 0 5 30111 30113 30163 
1045 0 4 6 30178 30184 30194 
967 0 6 0 29593 30164 30204 
1044 1 1 4 30178 30194 30204 
1042 1 5 7 30153 30154 30213 
1043 0 0 5 30168 30174 30213 
1049 1 3 7 30218 0 0 
1051 1 7 4 30222 0 0 
1050 0 4 6 30221 30224 30244 
1046 0 2 0 30180 30204 30254 
1052 1 1 2 30226 30244 30255 
1053 0 0 7 30229 30234 30263 
1054 0 2 5 30243 30255 30265 
1057 1 3 0 30272 0 0 
1058 0 0 6 30272 30275 30294 
1056 0 4 4 30269 30285 30295 
1060 1 7 1 30296 0 0 
1048 1 5 0 30213 30214 30304 
973 0 6 5 29646 30265 30315 
1061 1 1 1 30297 30305 30315 
1064 1 3 0 30334 0 0 
1063 0 2 6 30311 30315 30344 
1059 1 5 0 30287 30295 30354 
1065 0 0 5 30334 30335 30365 
1066 0 4 1 30335 30345 30365 
1070 1 7 6 30375 0 0 
1068 1 5 3 30357 30365 30375 
982 0 6 6 29706 30325 30394 
1075 1 3 6 30402 0 0 
1067 1 1 1 30339 30355 30415 
990 0 6 3 29760 30375 30426 
1079 1 7 1 30432 0 0 
1073 0 4 6 30389 30396 30444 
1078 1 5 7 30427 30436 30446 
1082 1 3 4 30461 0 0 
1074 1 1 1 30396 30406 30465 
1081 0 0 5 30454 30456 30466 
1071 0 0 3 30376 30386 30476 
1072 0 2 6 30379 30416 30495 
1084 0 2 7 30466 30496 30506 
1088 1 7 0 30510 0 0 
1089 1 3 3 30511 0 0 
1085 1 5 1 30468 30476 30515 
1077 0 2 3 30419 30426 30526 
1080 0 4 6 30438 30446 30545 
1095 1 3 0 30556 0 0 
1086 0 4 1 30479 30486 30565 
1094 0 4 0 30551 30557 30567 
1083 1 1 3 30462 30466 30576 
1002 0 6 2 29857 30567 30577 
1101 1 7 2 30590 0 0 
994 0 6 6 29803 30506 30595 
1098 0 0 4 30577 30587 30597 
1102 1 3 1 30601 0 0 
1090 0 0 1 30511 30516 30615 
1091 0 2 3 30522 30546 30626 
1100 1 5 2 30587 30617 30627 
1008 0 6 5 29901 30627 30637 
1097 0 2 6 30574 30577 30645 
1108 1 3 3 30655 0 0 
1109 1 7 0 30657 0 0 
1092 1 1 1 30523 30526 30665 
1107 0 2 0 30647 30657 30668 
1099 1 1 3 30581 30597 30676 
1105 0 0 2 30636 30637 30677 
1110 1 5 4 30667 30668 30678 
1113 0 0 7 30677 30678 30688 
1106 1 1 6 30637 30647 30695 
1112 0 4 5 30675 30688 30698 
1115 1 7 6 30701 0 0 
1093 1 5 1 30527 30536 30716 
1014 0 6 4 29952 30708 30728 
1117 1 3 6 30728 0 0 
1023 0 6 3 30011 30718 30728 
1116 0 2 7 30721 30728 30738 
1118 0 0 2 30731 30738 30748 
1121 1 7 1 30753 0 0 
1120 1 5 5 30741 30748 30759 
1104 0 4 1 30607 30607 30766 
1122 0 4 0 30753 30759 30769 
1123 1 1 3 30759 30769 30779 
1126 1 7 3 30797 0 0 
1030 0 6 2 30056 30779 30799 
1039 0 6 7 30135 30789 30799 
1128 1 3 1 30802 0 0 
1114 1 1 1 30680 30698 30816 
1130 1 1 5 30813 30819 30829 
1129 1 5 2 30808 30809 30849 
1125 0 0 7 30794 30799 30849 
1124 0 2 4 30789 30839 30849 
1135 1 3 6 30853 0 0 
1132 0 2 0 30843 30849 30859 
1134 1 5 3 30853 30859 30869 
1137 1 7 3 30870 0 0 
1131 0 4 5 30826 30829 30879 
1138 0 0 2 30871 30879 30899 
1139 0 4 4 30879 30889 30900 
1142 1 3 4 30904 0 0 
1136 1 1 0 30868 30869 30909 
1047 0 6 7 30206 30900 30910 
1144 1 7 5 30916 0 0 
1141 0 2 6 30900 30910 30920 
1143 1 1 5 30913 30920 30930 
1150 1 3 1 30954 0 0 
1146 0 0 0 30928 30930 30959 
1145 1 5 7 30920 30940 30960 
1149 0 4 3 30945 30950 30960 
1055 0 6 2 30263 30970 30980 
1154 1 7 4 30988 0 0 
1156 1 3 1 30998 0 0 
1148 0 2 7 30941 30960 31010 
1158 0 4 3 31010 31010 31020 
1151 0 0 2 30975 30980 31030 
1162 1 7 5 31037 0 0 
1164 1 3 7 31057 0 0 
1163 0 2 7 31043 31051 31061 
1161 0 0 3 31036 31041 31070 
1165 1 5 6 31060 31061 31072 
1152 1 1 2 30976 30990 31080 
1062 0 6 1 30304 31072 31082 
1166 1 1 4 31080 31082 31092 
1170 1 7 3 31097 0 0 
1171 1 5 7 31103 31112 31122 
1173 1 3 2 31125 0 0 
1155 1 5 2 30996 31000 31130 
1172 0 0 5 31113 31122 31132 
1174 0 4 0 31130 31132 31142 
1176 1 7 6 31148 0 0 
1069 0 6 6 30368 31142 31152 
1178 0 0 7 31160 31162 31172 
1157 0 2 2 30998 31020 31180 
1177 1 1 5 31151 31152 31182 
1181 1 3 6 31188 0 0 
1179 0 2 0 31169 31172 31192 
1182 1 7 7 31194 0 0 
1180 1 5 7 31181 31182 31222 
1159 1 1 2 31028 31031 31230 
1076 0 6 5 30412 31192 31232 
1087 0 6 0 30486 31202 31242 
1186 1 1 1 31230 31232 31243 
1189 1 7 6 31249 0 0 
1190 1 3 6 31251 0 0 
1096 0 6 7 30562 31222 31272 
1187 0 2 6 31233 31263 31273 
1167 0 4 2 31086 31092 31281 
1188 0 0 0 31240 31243 31292 
1197 1 7 4 31318 0 0 
1185 1 5 7 31224 31253 31322 
1198 1 3 7 31323 0 0 
1169 0 2 2 31092 31102 31331 
1196 0 0 0 31303 31303 31342 
1199 1 1 5 31332 31333 31343 
1201 0 4 6 31337 31343 31353 
1202 1 5 3 31349 31353 31363 
1195 1 1 7 31287 31313 31372 
1183 0 4 2 31204 31212 31381 
1206 1 3 6 31384 0 0 
1193 1 5 0 31284 31323 31392 
1205 0 0 5 31383 31383 31393 
1208 1 7 2 31395 0 0 
1204 1 1 6 31381 31403 31413 
1212 1 3 0 31429 0 0 
1103 0 6 2 30606 31273 31431 
1119 0 6 1 30741 31424 31434 
1207 0 4 0 31386 31393 31442 
1211 0 0 5 31429 31434 31444 
1217 1 7 7 31459 0 0 
1215 1 1 4 31438 31454 31464 
1111 0 6 2 30672 31283 31481 
1213 0 4 1 31434 31444 31484 
1218 1 5 7 31472 31474 31484 
1214 0 2 0 31437 31464 31493 
1223 1 3 1 31503 0 0 
1225 1 7 3 31513 0 0 
1222 0 4 4 31497 31504 31514 
1192 0 4 2 31283 31293 31531 
1221 0 0 1 31494 31494 31534 
1226 1 1 5 31538 31544 31554 
1230 1 3 7 31562 0 0 
1127 0 6 4 30798 31524 31564 
1227 1 5 7 31549 31554 31565 
1232 1 7 3 31581 0 0 
1194 0 2 2 31286 31363 31581 
1220 0 2 1 31493 31514 31584 
1228 0 4 3 31555 31575 31585 
1234 1 5 0 31593 31595 31605 
1133 0 6 4 30844 31534 31614 
1231 0 2 7 31564 31585 31615 
1236 1 3 2 31622 0 0 
1203 0 2 2 31365 31373 31631 
1240 1 7 6 31632 0 0 
1140 0 6 1 30890 31615 31634 
1239 0 0 6 31630 31635 31645 
1235 1 1 0 31597 31605 31655 
1238 0 4 3 31629 31645 31655 
1229 0 0 4 31560 31565 31664 
1209 1 5 2 31395 31413 31681 
1237 0 2 1 31623 31625 31684 
1147 0 6 7 30930 31675 31685 
1246 1 3 6 31690 0 0 
1248 1 7 6 31700 0 0 
1241 1 5 3 31637 31655 31705 
1247 0 2 4 31696 31705 31715 
1219 1 1 2 31482 31484 31731 
1243 1 1 1 31662 31665 31734 
1251 1 1 0 31724 31725 31736 
1252 1 3 5 31740 0 0 
1250 1 5 7 31717 31736 31746 
1244 0 4 3 31678 31695 31755 
1254 0 4 4 31752 31756 31766 
1258 1 7 5 31774 0 0 
1153 0 6 2 30981 31715 31781 
1245 0 0 1 31682 31685 31784 
1256 1 5 0 31768 31776 31786 
1255 0 2 7 31752 31766 31796 
1160 0 6 6 31031 31786 31796 
1263 1 3 3 31811 0 0 
1260 0 4 4 31793 31806 31816 
1264 1 7 2 31821 0 0 
1253 0 0 1 31741 31746 31834 
1259 0 0 0 31791 31796 31836 
1261 0 2 2 31794 31826 31836 
1265 1 5 6 31834 31836 31846 
1267 0 2 4 31851 31857 31867 
1271 1 3 6 31877 0 0 
1262 1 1 1 31800 31816 31884 
1266 0 0 2 31841 31846 31886 
1269 0 4 7 31868 31877 31887 
1168 0 6 6 31088 31867 31897 
1273 1 7 7 31901 0 0 
1175 0 6 0 31143 31897 31907 
1270 1 1 4 31870 31887 31917 
1277 1 3 0 31917 0 0 
1272 1 5 1 31899 31907 31934 
1278 1 1 6 31920 31927 31947 
1279 0 4 3 31933 31937 31947 
1284 1 7 3 31979 0 0 
1285 1 3 4 31983 0 0 
1276 0 0 1 31916 31917 31984 
1283 1 1 2 31973 31977 31987 
1275 0 2 6 31905 31947 31997 
1286 0 4 0 31986 31987 31997 
1287 0 0 4 31994 31997 32007 
1288 0 2 5 32016 32018 32028 
1280 0 2 1 31947 31957 32035 
1289 1 1 7 32021 32028 32038 
1184 0 6 6 31217 31967 32047 
1282 1 5 0 31969 32007 32047 
1290 1 5 3 32027 32038 32048 
1293 1 7 0 32048 0 0 
1295 1 3 4 32062 0 0 
1292 0 4 5 32047 32048 32078 
1294 0 2 0 32056 32058 32098 
1296 1 1 4 32070 32088 32098 
1300 0 2 2 32098 32108 32118 
1303 1 7 4 32120 0 0 
1304 1 3 7 32123 0 0 
1297 0 0 5 32071 32078 32128 
1191 0 6 0 31264 32068 32148 
1306 1 5 1 32124 32148 32158 
1302 0 4 2 32119 32138 32168 
1312 1 7 4 32172 0 0 
1298 1 5 5 32071 32098 32178 
1310 0 4 3 32168 32168 32179 
1301 1 1 0 32112 32118 32198 
1313 1 3 4 32198 0 0 
1308 1 1 2 32152 32158 32218 
1311 0 0 5 32172 32179 32228 
1200 0 6 3 31335 32199 32229 
1316 0 4 1 32210 32219 32229 
1317 1 1 7 32220 32229 32239 
1320 1 7 6 32243 0 0 
1307 0 0 0 32128 32128 32248 
1318 0 0 6 32234 32239 32249 
1323 1 3 6 32264 0 0 
1309 0 2 2 32158 32189 32268 
1325 1 1 5 32268 32269 32279 
1328 1 7 5 32290 0 0 
1321 1 5 0 32244 32249 32298 
1326 0 0 6 32277 32279 32299 
1327 1 5 3 32284 32290 32300 
1315 1 5 2 32201 32209 32319 
1329 0 2 4 32302 32310 32320 
1334 1 3 6 32341 0 0 
1322 0 4 0 32255 32259 32348 
1319 0 2 3 32237 32300 32350 
1336 1 7 2 32351 0 0 
1210 0 6 2 31406 32330 32369 
1331 0 4 4 32314 32320 32370 
1340 1 3 2 32388 0 0 
1332 1 5 0 32333 32360 32398 
1335 1 1 3 32346 32350 32400 
1342 1 5 5 32393 32400 32411 
1345 1 7 1 32414 0 0 
1333 0 0 4 32334 32340 32420 
1343 1 1 2 32410 32411 32421 
