1 0 0 1 2537 2537 2548 
2 1 1 7 2537 2548 2558 
4 1 3 2 2538 2568 2578 
3 0 2 1 2538 2558 2598 
8 1 7 3 2538 2608 2618 
6 1 5 2 2538 2588 2628 
14 0 0 6 2601 2618 2628 
5 0 4 1 2538 2578 2648 
12 0 2 7 2597 2638 2648 
15 1 3 3 2611 2648 2668 
7 0 6 2 2538 2598 2678 
10 1 5 4 2584 2668 2678 
16 1 1 1 2614 2628 2698 
13 1 7 6 2600 2688 2698 
21 0 0 5 2655 2698 2708 
11 0 4 3 2595 2658 2718 
9 0 6 4 2584 2678 2728 
23 1 3 0 2683 2729 2739 
24 1 1 6 2690 2708 2748 
19 0 4 1 2645 2739 2749 
22 0 2 5 2658 2718 2759 
20 1 7 3 2645 2769 2779 
17 1 5 6 2637 2749 2799 
35 1 1 1 2768 2789 2799 
18 0 6 5 2643 2759 2809 
27 0 0 3 2711 2779 2829 
28 0 4 4 2712 2819 2829 
29 0 2 6 2720 2799 2849 
26 1 7 5 2704 2849 2859 
25 1 5 3 2695 2829 2879 
30 0 6 4 2720 2839 2879 
34 1 3 6 2761 2809 2899 
33 0 4 0 2753 2900 2910 
31 1 5 1 2744 2910 2920 
44 1 1 3 2824 2870 2929 
36 0 2 4 2770 2880 2929 
37 0 0 6 2784 2859 2949 
45 0 0 2 2840 2940 2950 
41 0 2 7 2813 2960 2970 
40 1 3 3 2808 2890 2979 
32 1 7 4 2748 2930 2980 
38 0 6 6 2790 2920 2999 
49 1 3 2 2881 2970 3000 
53 1 1 3 2888 2950 3029 
42 1 5 4 2816 2990 3030 
61 1 1 0 2964 3031 3041 
39 0 4 2 2800 2980 3050 
59 1 3 1 2932 3051 3061 
51 0 0 3 2883 3021 3079 
46 0 6 4 2848 3000 3080 
50 1 5 6 2882 3071 3081 
55 0 6 5 2923 3081 3091 
52 0 2 2 2885 3041 3100 
48 1 7 3 2879 3091 3130 
43 1 7 4 2817 3010 3130 
58 0 0 6 2929 3101 3131 
62 1 3 7 2983 3131 3141 
54 0 4 1 2913 3141 3151 
57 1 5 5 2927 3151 3161 
47 0 4 4 2873 3061 3180 
68 0 0 2 3008 3182 3192 
63 0 6 1 2984 3161 3201 
72 1 1 4 3044 3111 3230 
65 0 4 5 2991 3222 3232 
78 1 1 2 3089 3192 3242 
66 1 5 7 2994 3232 3242 
64 0 2 1 2988 3202 3251 
71 0 6 0 3044 3242 3252 
60 0 2 4 2948 3121 3280 
87 1 1 3 3159 3272 3282 
69 1 3 2 3035 3212 3292 
67 1 7 1 3001 3252 3302 
74 0 4 6 3069 3303 3313 
73 1 5 7 3057 3313 3323 
56 1 7 4 2925 3172 3330 
70 0 2 3 3039 3282 3332 
80 0 6 1 3099 3323 3352 
85 0 0 2 3139 3343 3353 
96 1 1 5 3224 3353 3363 
79 0 2 6 3095 3363 3373 
76 0 0 4 3075 3262 3380 
81 0 4 3 3121 3383 3393 
83 1 3 1 3136 3373 3402 
88 0 6 7 3165 3403 3413 
77 1 3 4 3084 3293 3430 
92 0 0 5 3215 3424 3434 
104 1 1 6 3274 3434 3444 
84 1 7 1 3138 3413 3452 
90 1 3 3 3194 3454 3464 
75 1 7 4 3070 3333 3480 
91 1 5 0 3196 3474 3484 
95 0 6 2 3221 3484 3494 
89 0 4 3 3182 3464 3514 
110 1 1 6 3325 3514 3524 
82 1 5 4 3134 3393 3530 
100 0 0 0 3264 3504 3534 
94 0 2 2 3216 3524 3544 
93 1 7 3 3215 3494 3564 
99 0 6 7 3261 3565 3575 
86 0 2 4 3154 3444 3581 
101 1 3 0 3266 3534 3584 
103 1 7 5 3270 3575 3585 
98 0 4 2 3254 3545 3594 
97 1 5 3 3240 3555 3614 
107 1 3 1 3307 3615 3625 
109 0 0 4 3320 3585 3631 
111 0 4 2 3326 3625 3644 
105 1 5 0 3289 3635 3645 
119 1 1 3 3395 3595 3664 
117 0 0 6 3371 3665 3675 
112 1 7 4 3336 3655 3681 
126 1 1 5 3435 3675 3685 
106 0 6 0 3303 3645 3695 
102 0 2 3 3266 3605 3714 
114 1 5 1 3347 3716 3726 
108 0 2 5 3316 3685 3735 
113 0 6 4 3343 3726 3736 
122 1 7 3 3411 3736 3764 
135 1 1 6 3504 3756 3766 
115 0 2 2 3357 3766 3776 
116 1 3 5 3368 3695 3786 
125 0 4 7 3428 3786 3796 
120 1 5 4 3397 3796 3806 
121 1 3 6 3408 3776 3816 
118 0 4 5 3377 3705 3836 
124 0 6 4 3419 3806 3856 
123 0 2 2 3415 3846 3856 
128 1 7 6 3452 3816 3866 
127 0 0 5 3437 3746 3886 
137 0 0 4 3517 3826 3906 
133 0 4 2 3483 3866 3906 
152 1 1 0 3633 3917 3927 
147 0 0 5 3595 3907 3936 
143 1 1 4 3555 3836 3956 
131 1 5 2 3471 3877 3957 
138 1 5 3 3518 3957 3967 
129 0 2 0 3460 3927 3977 
141 0 6 1 3542 3967 3977 
140 0 4 5 3534 3947 3986 
132 1 3 4 3476 3856 4006 
161 1 1 6 3691 3997 4008 
153 0 0 0 3638 3987 4027 
142 1 7 5 3551 3977 4036 
146 0 4 7 3595 4028 4038 
130 0 6 4 3465 3887 4056 
149 1 3 6 3607 4018 4058 
151 1 7 2 3631 4058 4068 
136 0 2 0 3515 4008 4077 
144 1 5 7 3567 4038 4088 
166 1 1 3 3735 4078 4088 
134 1 7 4 3501 3897 4107 
148 0 6 6 3595 4048 4108 
154 0 4 5 3640 4108 4119 
156 1 3 7 3656 4098 4138 
145 0 2 3 3586 4088 4138 
139 1 3 4 3531 3937 4157 
160 0 0 6 3687 4068 4158 
158 1 7 3 3679 4139 4188 
162 0 4 1 3693 4189 4199 
150 1 5 4 3614 4119 4207 
178 1 1 6 3809 4159 4208 
159 1 5 0 3681 4199 4209 
155 0 2 3 3656 4169 4238 
165 0 6 1 3715 4209 4249 
157 0 6 4 3670 4129 4257 
170 1 7 0 3750 4219 4259 
164 1 3 3 3713 4179 4288 
169 1 5 7 3750 4280 4290 
177 0 0 1 3808 4229 4299 
172 0 6 6 3774 4290 4300 
167 0 0 4 3742 4149 4307 
171 0 4 0 3752 4270 4309 
186 0 0 2 3862 4310 4320 
187 1 1 3 3885 4239 4339 
163 0 2 1 3701 4249 4349 
173 1 3 4 3776 4260 4357 
179 1 3 0 3817 4340 4359 
174 1 5 6 3792 4360 4370 
181 0 6 2 3842 4370 4380 
184 1 7 3 3853 4380 4390 
195 1 1 1 3927 4320 4399 
193 0 0 5 3918 4390 4400 
175 1 7 4 3794 4300 4407 
176 0 4 0 3799 4350 4409 
180 0 2 2 3825 4410 4430 
168 0 2 1 3746 4330 4449 
185 1 3 4 3860 4420 4457 
199 1 1 0 3972 4400 4460 
191 1 7 3 3906 4461 4471 
203 0 0 6 3993 4471 4481 
208 1 1 2 4024 4481 4491 
183 0 4 1 3849 4431 4500 
182 1 5 4 3848 4441 4507 
194 1 3 0 3926 4501 4511 
189 0 2 2 3900 4491 4541 
192 0 6 1 3911 4451 4550 
190 1 5 4 3902 4521 4557 
202 0 6 0 3982 4531 4561 
216 1 1 5 4090 4561 4571 
198 0 2 2 3965 4571 4591 
188 0 4 1 3891 4511 4600 
196 0 4 6 3937 4592 4602 
212 0 0 4 4058 4551 4608 
197 1 7 0 3960 4541 4611 
209 1 7 7 4034 4622 4632 
200 1 5 2 3976 4602 4641 
220 1 1 5 4132 4642 4652 
211 0 6 4 4055 4612 4658 
201 1 3 0 3976 4582 4661 
205 0 2 1 4017 4652 4662 
206 1 5 7 4019 4682 4692 
207 1 3 5 4020 4662 4702 
221 0 0 4 4134 4632 4708 
218 0 6 0 4097 4692 4711 
227 1 1 2 4184 4723 4733 
219 1 7 7 4109 4702 4742 
215 0 2 3 4079 4733 4743 
213 1 3 1 4072 4743 4753 
204 0 4 4 4000 4672 4758 
210 0 4 0 4049 4753 4763 
232 0 0 7 4196 4713 4792 
228 1 7 3 4185 4783 4793 
223 0 6 4 4142 4773 4808 
237 0 0 0 4262 4793 4813 
222 1 3 6 4141 4823 4833 
214 1 5 7 4074 4763 4843 
226 0 2 4 4154 4813 4858 
238 1 7 1 4265 4864 4874 
217 0 4 6 4096 4833 4884 
234 1 1 7 4224 4803 4893 
235 0 2 3 4225 4894 4904 
224 1 5 4 4147 4844 4908 
225 0 4 2 4152 4914 4924 
242 1 1 6 4275 4884 4934 
233 0 6 7 4218 4854 4943 
243 0 6 5 4294 4934 4944 
245 0 0 4 4315 4874 4958 
241 0 2 1 4273 4974 4984 
229 1 5 7 4188 4924 4993 
249 1 1 5 4350 4964 4994 
231 1 3 4 4196 4904 5008 
246 1 7 7 4331 4944 5043 
239 1 3 5 4267 4984 5044 
260 0 0 6 4430 5035 5045 
230 0 4 4 4193 4994 5058 
250 0 2 2 4351 5055 5065 
253 0 0 7 4384 4954 5093 
251 0 6 5 4352 5015 5094 
256 1 1 4 4408 5045 5108 
269 0 0 3 4509 5116 5135 
236 1 5 7 4261 5005 5144 
257 1 7 5 4412 5025 5145 
264 1 1 6 4473 5135 5148 
259 0 6 4 4423 5095 5160 
254 1 3 1 4399 5160 5170 
248 0 4 2 4347 5170 5180 
252 1 5 0 4380 5180 5190 
240 0 4 7 4267 5075 5195 
247 1 3 5 4337 5065 5195 
255 0 2 6 4400 5148 5198 
263 1 7 4 4459 5105 5210 
271 1 7 1 4523 5200 5220 
278 0 0 3 4564 5210 5220 
266 0 6 2 4478 5190 5230 
244 1 5 7 4310 5085 5245 
262 1 3 0 4455 5240 5250 
265 0 2 4 4474 5230 5260 
261 1 5 5 4439 5260 5270 
258 0 4 2 4420 5250 5280 
270 1 1 7 4522 5220 5295 
287 0 0 1 4622 5290 5300 
275 0 6 4 4548 5270 5310 
277 1 1 5 4563 5300 5320 
274 0 2 0 4541 5310 5321 
281 1 7 2 4582 5280 5330 
268 0 4 7 4492 5331 5345 
272 1 3 0 4525 5321 5371 
289 1 7 1 4631 5361 5371 
267 1 5 2 4486 5341 5380 
293 0 0 5 4670 5371 5381 
279 1 3 4 4569 5401 5411 
283 0 6 0 4608 5351 5421 
282 0 2 2 4597 5391 5430 
286 1 1 5 4618 5381 5431 
273 1 5 6 4526 5421 5431 
291 0 6 1 4651 5431 5441 
276 0 4 2 4557 5411 5480 
299 1 7 5 4704 5441 5481 
301 0 0 6 4731 5451 5481 
290 0 2 1 4650 5472 5491 
280 1 5 3 4576 5502 5512 
296 1 1 2 4691 5461 5530 
284 1 3 6 4614 5482 5531 
308 1 7 4 4782 5522 5532 
288 0 4 1 4630 5492 5541 
305 1 1 5 4754 5542 5552 
294 1 3 7 4671 5562 5572 
298 0 6 2 4695 5512 5580 
295 0 4 4 4683 5572 5582 
309 0 0 1 4796 5532 5592 
315 1 7 6 4836 5602 5613 
306 0 6 7 4763 5592 5622 
297 0 2 1 4694 5552 5642 
300 1 3 5 4730 5643 5653 
304 0 2 6 4750 5633 5663 
313 1 1 7 4822 5623 5672 
316 0 6 2 4842 5673 5683 
285 1 5 1 4618 5582 5692 
292 1 5 7 4659 5663 5722 
311 0 2 6 4804 5713 5723 
322 1 7 2 4876 5683 5733 
317 0 0 1 4856 5613 5742 
324 0 6 4 4892 5754 5764 
328 1 7 7 4934 5764 5774 
321 1 1 2 4872 5703 5783 
334 0 0 3 4977 5774 5784 
302 0 4 1 4732 5653 5792 
327 1 1 0 4929 5784 5794 
319 0 2 7 4861 5794 5824 
320 0 4 4 4866 5814 5824 
307 1 3 2 4772 5723 5833 
312 1 5 3 4811 5824 5834 
325 0 0 1 4910 5693 5842 
333 0 6 2 4968 5834 5883 
338 1 7 3 5014 5844 5884 
310 0 4 1 4797 5733 5892 
318 1 5 4 4857 5905 5915 
339 0 6 5 5035 5915 5925 
323 1 3 2 4887 5885 5933 
337 1 1 3 5006 5864 5934 
346 1 7 6 5087 5925 5935 
303 1 5 1 4739 5743 5942 
335 0 2 4 4984 5955 5965 
331 1 3 7 4961 5965 5975 
350 0 0 2 5095 5935 5984 
330 0 4 3 4939 5895 5984 
345 1 1 6 5055 5945 5985 
336 0 4 5 4997 5975 5985 
314 1 3 1 4829 5804 5992 
326 1 5 0 4920 5985 5995 
354 1 7 2 5141 6006 6034 
348 0 6 6 5091 5995 6035 
340 0 0 1 5037 5854 6042 
344 0 2 5 5044 6036 6046 
332 1 5 4 4963 6066 6076 
359 0 0 6 5174 6016 6085 
329 0 2 1 4937 5875 6092 
341 1 3 5 5039 6046 6096 
361 1 7 3 5186 6086 6096 
362 1 1 2 5191 6106 6117 
351 0 2 0 5105 6117 6127 
353 1 1 6 5121 6026 6135 
343 0 4 5 5043 6056 6146 
349 1 3 3 5093 6127 6146 
367 1 7 1 5228 6167 6177 
352 0 4 6 5116 6137 6185 
378 0 0 2 5294 6177 6187 
358 0 6 5 5169 6076 6196 
360 0 2 1 5179 6197 6227 
342 1 5 6 5042 6147 6235 
347 1 5 7 5090 6227 6238 
370 0 0 5 5243 6096 6246 
374 0 6 3 5276 6238 6248 
356 1 3 1 5165 6207 6277 
377 1 1 4 5281 6268 6278 
386 0 0 6 5349 6258 6285 
366 0 6 5 5228 6157 6296 
364 1 3 3 5217 6288 6298 
363 0 4 2 5212 6298 6308 
376 1 7 1 5281 6248 6327 
382 1 7 6 5331 6328 6338 
368 1 1 5 5231 6187 6346 
381 0 6 3 5320 6318 6348 
392 0 0 2 5401 6338 6358 
375 0 2 4 5276 6358 6368 
365 0 2 1 5220 6278 6377 
373 0 4 7 5275 6378 6389 
357 0 4 5 5166 6217 6396 
371 1 3 3 5264 6368 6398 
384 1 1 2 5341 6348 6408 
369 1 5 4 5232 6389 6419 
355 1 5 1 5160 6308 6427 
396 0 0 0 5443 6419 6429 
391 0 6 7 5392 6399 6439 
389 1 1 5 5387 6429 6447 
394 1 7 2 5408 6409 6458 
385 1 3 3 5343 6449 6459 
383 0 2 4 5338 6439 6469 
372 1 5 5 5274 6469 6497 
395 0 6 2 5432 6479 6508 
405 0 0 3 5505 6499 6509 
380 0 4 4 5318 6459 6519 
399 1 1 1 5462 6509 6519 
393 1 3 0 5407 6529 6539 
403 1 7 5 5475 6489 6547 
388 0 4 6 5380 6539 6549 
390 0 2 3 5389 6519 6559 
402 0 6 2 5474 6560 6570 
414 0 0 7 5562 6580 6590 
411 1 7 5 5553 6570 6597 
379 1 5 3 5315 6549 6609 
401 1 3 0 5469 6610 6620 
398 0 4 6 5449 6620 6630 
387 1 5 7 5365 6630 6640 
408 1 1 5 5528 6590 6647 
400 0 2 3 5468 6600 6659 
423 1 7 1 5633 6650 6660 
410 0 6 0 5549 6640 6670 
415 1 1 2 5568 6670 6680 
407 0 2 5 5518 6680 6697 
409 1 3 3 5535 6690 6710 
421 0 0 0 5620 6660 6720 
397 1 5 7 5445 6711 6721 
431 1 7 6 5701 6731 6741 
404 0 4 5 5490 6701 6747 
429 0 0 1 5697 6741 6751 
419 1 1 0 5609 6751 6770 
416 0 2 4 5598 6761 6771 
418 1 3 2 5606 6771 6781 
413 0 4 6 5562 6781 6791 
417 0 6 5 5604 6721 6797 
439 1 7 0 5755 6811 6821 
425 0 6 2 5658 6801 6831 
437 0 0 6 5738 6821 6841 
428 1 1 4 5683 6832 6842 
406 1 5 5 5507 6791 6847 
426 1 3 3 5661 6852 6862 
424 0 2 2 5653 6842 6881 
412 1 5 4 5556 6872 6892 
434 0 6 6 5719 6882 6892 
420 0 4 5 5618 6862 6897 
445 0 0 1 5799 6902 6912 
447 1 7 2 5816 6892 6931 
432 0 2 6 5710 6922 6942 
433 1 3 5 5716 6932 6947 
427 0 4 3 5662 6942 6952 
435 1 1 1 5726 6912 6962 
440 0 6 4 5759 6962 6973 
454 1 7 2 5869 6973 6983 
422 1 5 5 5628 6952 6997 
442 0 2 1 5781 7003 7013 
441 1 1 4 5780 6993 7023 
443 1 3 6 5791 7013 7023 
436 0 4 0 5732 7023 7033 
430 1 5 2 5698 7033 7043 
452 0 0 5 5852 6983 7048 
448 0 6 3 5829 7043 7053 
463 1 7 0 5924 7053 7083 
458 0 0 2 5901 7063 7093 
450 0 2 5 5845 7083 7098 
451 1 3 4 5846 7093 7104 
446 0 4 3 5812 7104 7114 
438 1 5 7 5748 7114 7124 
449 1 1 2 5838 7073 7143 
467 1 7 6 5968 7134 7144 
456 0 6 5 5885 7124 7148 
468 0 0 0 5974 7144 7154 
459 1 3 4 5910 7174 7184 
457 1 1 6 5898 7154 7194 
462 0 2 5 5923 7164 7198 
444 1 5 2 5797 7194 7204 
476 0 0 3 6022 7224 7234 
477 1 7 6 6024 7214 7244 
465 1 1 1 5951 7234 7244 
455 0 4 5 5872 7184 7248 
464 0 6 2 5937 7204 7254 
469 1 3 7 5976 7255 7265 
460 0 4 4 5913 7265 7275 
453 1 5 3 5853 7275 7285 
471 0 6 0 5997 7285 7295 
470 0 2 5 5988 7244 7298 
481 0 0 2 6072 7305 7315 
473 1 1 1 6010 7315 7325 
478 0 2 7 6042 7325 7335 
486 1 7 0 6099 7295 7345 
474 1 3 3 6021 7335 7345 
466 0 4 6 5961 7345 7355 
461 1 5 0 5921 7355 7395 
487 0 0 1 6116 7385 7395 
482 1 1 7 6073 7395 7405 
483 0 2 3 6086 7405 7416 
475 0 4 5 6021 7426 7436 
479 0 6 0 6067 7365 7445 
485 1 3 1 6098 7416 7445 
472 1 5 7 5999 7436 7456 
491 0 6 2 6146 7446 7456 
499 1 7 4 6205 7456 7466 
495 0 0 3 6181 7466 7476 
490 1 7 0 6144 7375 7495 
492 1 3 2 6154 7496 7506 
493 0 2 4 6157 7486 7516 
484 0 4 1 6097 7506 7516 
498 0 6 5 6201 7526 7536 
489 1 1 0 6136 7476 7545 
505 1 7 2 6264 7536 7556 
480 1 5 1 6071 7516 7566 
502 0 2 7 6222 7567 7577 
503 0 0 5 6224 7546 7586 
500 1 3 6 6205 7577 7587 
497 1 1 0 6199 7556 7595 
517 1 7 1 6331 7617 7627 
494 0 4 6 6163 7587 7637 
512 0 0 7 6291 7627 7637 
488 1 5 0 6133 7597 7645 
506 0 2 2 6264 7647 7657 
507 1 3 5 6267 7657 7667 
509 0 6 6 6272 7607 7687 
510 1 1 7 6274 7637 7687 
521 1 7 2 6382 7698 7708 
501 0 4 5 6212 7667 7717 
519 1 1 3 6349 7718 7728 
496 1 5 6 6185 7677 7737 
508 0 4 4 6268 7748 7758 
516 0 2 5 6331 7728 7767 
504 1 5 1 6228 7758 7768 
515 1 3 3 6330 7738 7778 
514 0 6 6 6330 7687 7787 
530 1 7 0 6446 7778 7788 
525 0 0 7 6408 7788 7798 
526 0 6 4 6408 7768 7808 
522 0 2 1 6387 7808 7818 
520 0 0 6 6363 7708 7837 
513 0 4 3 6323 7828 7838 
511 1 5 2 6280 7838 7848 
528 1 1 4 6411 7798 7858 
536 0 6 1 6482 7848 7868 
527 1 3 6 6410 7818 7887 
534 0 0 2 6464 7869 7899 
529 0 2 0 6441 7889 7899 
532 1 1 4 6458 7879 7908 
523 0 4 5 6391 7909 7919 
518 1 5 7 6336 7919 7929 
538 1 7 6 6497 7859 7937 
542 0 6 1 6538 7929 7939 
535 1 3 4 6465 7899 7958 
547 1 7 5 6568 7939 7969 
543 0 0 1 6540 7949 7989 
544 1 3 7 6541 7979 7989 
552 0 6 0 6611 8009 8020 
555 1 7 5 6640 8019 8030 
540 1 1 1 6524 7959 8039 
551 0 0 4 6606 8030 8040 
545 1 1 0 6566 8040 8070 
549 1 3 5 6585 8060 8080 
537 0 2 1 6490 7969 8089 
546 0 2 4 6566 8050 8090 
531 1 5 7 6453 8080 8090 
541 0 4 0 6526 8070 8120 
562 0 0 3 6681 8110 8120 
564 1 7 5 6700 8100 8130 
533 0 4 1 6464 7989 8139 
559 0 6 4 6669 8090 8140 
553 1 1 7 6612 8120 8140 
554 0 2 3 6613 8130 8170 
524 1 5 1 6393 7999 8189 
539 1 5 7 6521 8160 8190 
568 0 0 0 6725 8191 8201 
561 1 1 2 6679 8201 8211 
558 1 3 3 6664 8140 8220 
566 0 6 7 6710 8170 8240 
556 0 4 5 6648 8231 8241 
548 1 5 1 6582 8241 8251 
572 0 6 0 6755 8251 8261 
550 0 4 3 6590 8150 8270 
576 0 0 6 6786 8271 8281 
565 1 3 7 6705 8221 8290 
570 1 1 2 6742 8281 8291 
569 0 2 5 6726 8291 8301 
582 1 7 0 6842 8261 8311 
574 1 7 3 6769 8181 8321 
563 0 4 1 6696 8311 8321 
575 1 3 6 6778 8301 8331 
579 0 6 5 6813 8331 8351 
591 1 7 7 6899 8341 8352 
585 0 0 4 6855 8352 8362 
560 0 2 3 6677 8211 8371 
557 1 5 1 6657 8321 8371 
584 1 3 6 6847 8382 8392 
577 1 1 7 6786 8362 8402 
567 1 5 5 6724 8402 8412 
587 0 6 1 6889 8412 8422 
599 1 7 6 6953 8422 8442 
590 0 0 2 6899 8432 8442 
578 0 2 7 6801 8372 8452 
583 1 1 5 6843 8442 8462 
580 0 4 6 6819 8472 8492 
593 1 3 2 6915 8462 8492 
571 0 4 7 6745 8392 8502 
586 0 2 5 6870 8452 8512 
573 1 5 6 6768 8482 8542 
608 1 7 2 7024 8502 8542 
592 0 2 1 6913 8533 8543 
595 0 6 5 6935 8492 8562 
594 1 1 6 6915 8523 8592 
597 0 0 2 6941 8513 8592 
616 1 7 3 7100 8583 8593 
607 0 0 0 7006 8593 8603 
581 1 5 5 6824 8563 8612 
600 0 2 1 6959 8613 8623 
602 1 3 6 6983 8543 8642 
589 0 4 2 6897 8553 8642 
596 0 4 4 6941 8633 8643 
603 0 6 5 6992 8573 8662 
612 1 3 1 7057 8623 8673 
614 0 6 6 7061 8654 8692 
606 0 2 7 7002 8694 8704 
601 1 1 5 6976 8603 8713 
609 1 1 1 7038 8684 8723 
605 0 4 4 6994 8714 8724 
623 0 6 2 7140 8734 8744 
630 1 7 0 7197 8744 8754 
588 1 5 5 6893 8643 8763 
618 1 1 6 7113 8764 8774 
615 0 2 3 7070 8774 8785 
624 1 7 5 7153 8664 8813 
628 1 3 3 7177 8785 8835 
629 0 0 2 7178 8835 8845 
627 1 1 4 7173 8845 8855 
611 0 0 5 7051 8674 8863 
613 0 4 3 7060 8795 8885 
620 0 2 2 7121 8855 8895 
610 1 5 1 7043 8885 8895 
619 1 3 5 7117 8704 8913 
634 1 3 3 7219 8865 8935 
635 1 1 7 7232 8925 8935 
645 1 7 2 7302 8905 8945 
631 0 2 1 7198 8935 8946 
641 1 3 0 7274 8946 8956 
598 1 5 5 6952 8724 8963 
617 1 5 6 7103 8966 8976 
621 0 4 3 7127 8875 8985 
626 0 4 2 7171 8956 8995 
653 1 7 1 7356 8986 8996 
622 0 0 5 7128 8754 9013 
643 0 6 3 7281 8895 9035 
650 0 6 2 7328 8976 9045 
647 0 0 1 7316 8996 9046 
637 0 4 7 7242 9036 9046 
604 1 5 5 6993 8805 9063 
651 1 3 3 7329 9026 9085 
657 0 6 1 7387 9056 9096 
625 1 5 7 7153 9046 9096 
648 0 2 2 7318 9097 9107 
632 0 6 5 7203 8815 9113 
659 1 3 0 7391 9107 9117 
644 0 4 4 7282 9117 9127 
656 0 0 3 7382 9076 9135 
633 1 5 6 7215 9127 9137 
670 1 7 1 7472 9147 9157 
640 1 7 5 7261 8825 9163 
655 1 1 4 7380 9167 9177 
660 0 2 2 7393 9177 9187 
638 0 0 5 7251 8915 9213 
639 1 5 1 7259 9207 9217 
666 1 3 4 7449 9187 9227 
674 0 6 7 7496 9217 9227 
678 1 7 2 7530 9227 9237 
664 1 1 3 7442 9247 9258 
642 1 1 5 7281 9006 9263 
649 0 4 4 7323 9197 9277 
658 0 4 1 7387 9278 9288 
646 1 5 3 7310 9288 9308 
636 0 2 5 7241 9016 9313 
686 1 7 6 7582 9308 9318 
672 0 0 4 7492 9237 9327 
671 1 1 1 7485 9328 9338 
681 0 0 3 7555 9318 9358 
662 1 7 5 7420 9066 9363 
673 1 3 4 7492 9268 9377 
688 0 6 1 7598 9378 9388 
691 1 7 2 7632 9388 9398 
675 0 2 3 7501 9338 9408 
693 0 0 7 7635 9398 9408 
652 1 1 5 7334 9087 9413 
679 1 3 4 7542 9348 9428 
682 0 2 2 7556 9419 9448 
677 0 4 6 7521 9439 9449 
668 0 4 3 7460 9358 9458 
663 0 6 5 7431 9137 9464 
654 1 5 4 7357 9368 9478 
703 1 7 0 7712 9469 9479 
702 0 0 1 7706 9479 9489 
683 1 1 3 7565 9408 9508 
667 0 0 5 7451 9157 9514 
692 1 3 2 7634 9509 9519 
697 0 6 4 7672 9459 9528 
689 0 2 0 7612 9499 9529 
684 0 4 6 7571 9519 9529 
687 1 3 3 7583 9429 9558 
712 1 7 1 7791 9549 9560 
665 0 2 5 7446 9258 9564 
709 0 0 2 7753 9560 9570 
690 1 1 4 7627 9489 9578 
696 0 2 6 7664 9580 9590 
661 1 5 3 7403 9449 9608 
680 0 6 5 7551 9298 9614 
676 1 5 7 7509 9610 9620 
716 0 6 0 7814 9620 9630 
669 1 5 3 7467 9529 9658 
705 1 1 4 7733 9650 9660 
698 1 1 5 7678 9570 9664 
704 0 2 6 7715 9660 9670 
720 1 7 0 7849 9630 9680 
706 0 6 3 7735 9539 9708 
694 0 4 5 7636 9600 9714 
699 0 4 6 7683 9680 9720 
717 0 0 0 7820 9640 9730 
726 0 0 7 7889 9721 9731 
701 1 3 3 7702 9590 9758 
707 1 3 5 7745 9670 9764 
711 1 1 7 7785 9731 9781 
695 1 5 2 7642 9771 9781 
729 0 6 6 7923 9781 9791 
735 1 7 0 7969 9791 9801 
721 0 6 3 7856 9700 9808 
733 0 0 1 7948 9801 9811 
685 1 5 5 7572 9690 9814 
713 1 3 7 7792 9751 9831 
727 1 7 3 7889 9710 9858 
723 1 3 1 7868 9831 9861 
708 0 4 7 7752 9761 9881 
742 1 7 0 8026 9871 9882 
741 0 0 4 8025 9882 9892 
714 0 2 3 7794 9741 9909 
715 0 4 1 7814 9841 9911 
722 0 2 7 7867 9821 9931 
724 1 1 4 7882 9892 9942 
710 1 5 0 7768 9932 9942 
718 1 1 3 7826 9811 9959 
751 1 7 5 8100 9952 9962 
700 1 5 7 7696 9851 9981 
732 0 2 4 7945 9902 9992 
750 0 0 0 8100 9962 9992 
739 0 6 3 7996 9861 10009 
730 1 3 7 7935 9912 10031 
719 1 5 4 7843 10012 10042 
757 0 0 1 8142 10042 10053 
725 0 4 3 7888 9922 10059 
743 1 1 2 8037 10053 10063 
745 0 6 7 8049 9942 10081 
758 1 7 4 8147 10032 10092 
747 0 2 1 8052 10063 10103 
728 1 5 5 7896 10093 10103 
734 1 1 3 7959 9972 10109 
744 1 3 2 8039 10073 10113 
763 1 7 6 8195 10113 10123 
737 0 4 7 7995 10083 10131 
761 0 6 1 8184 10103 10153 
755 0 2 0 8128 10143 10153 
740 0 2 3 8011 9982 10159 
749 1 1 2 8096 10133 10163 
752 1 3 5 8110 10153 10163 
748 0 4 6 8075 10163 10173 
769 0 6 1 8236 10183 10203 
738 1 3 3 7995 9992 10209 
774 0 0 4 8272 10204 10214 
736 1 5 6 7974 10173 10223 
762 0 2 5 8188 10224 10234 
775 1 7 1 8273 10194 10253 
731 0 4 3 7937 10002 10259 
754 0 4 4 8124 10244 10264 
746 1 5 7 8050 10254 10264 
781 0 0 6 8321 10284 10294 
753 0 6 3 8112 10022 10309 
778 0 6 4 8296 10264 10314 
773 0 2 7 8267 10304 10314 
768 1 3 5 8217 10314 10324 
766 0 0 3 8201 10123 10359 
783 1 7 4 8337 10274 10364 
791 1 7 0 8388 10355 10365 
756 1 5 5 8129 10334 10374 
777 1 3 2 8293 10395 10405 
760 1 1 3 8164 10214 10409 
765 0 4 4 8198 10324 10414 
771 1 1 0 8256 10375 10415 
772 0 4 5 8257 10405 10425 
793 0 6 6 8411 10425 10435 
759 1 3 3 8163 10234 10459 
788 0 0 4 8374 10365 10464 
780 0 2 0 8320 10385 10465 
764 1 5 5 8196 10415 10475 
798 1 7 6 8445 10435 10485 
767 1 1 3 8215 10294 10510 
796 0 0 4 8439 10445 10514 
801 0 6 2 8466 10506 10516 
789 0 2 5 8375 10465 10525 
803 0 0 0 8504 10526 10536 
786 1 1 6 8366 10536 10546 
782 1 1 3 8324 10455 10560 
770 1 5 4 8237 10495 10564 
787 1 3 5 8367 10475 10575 
790 0 4 7 8387 10566 10576 
799 0 2 0 8449 10546 10586 
808 0 6 3 8520 10586 10610 
806 1 7 4 8512 10516 10614 
779 0 4 5 8312 10485 10625 
814 1 7 7 8570 10596 10626 
797 1 1 6 8442 10616 10626 
792 1 3 0 8411 10556 10636 
802 1 3 4 8469 10636 10665 
776 1 5 5 8277 10576 10675 
811 0 0 7 8544 10606 10676 
795 0 4 6 8431 10646 10676 
820 1 7 2 8623 10677 10687 
819 0 0 3 8610 10687 10697 
805 1 1 1 8508 10697 10707 
813 0 6 4 8563 10667 10715 
784 1 5 5 8342 10656 10725 
807 0 2 7 8514 10626 10726 
816 0 2 6 8587 10707 10726 
810 1 3 0 8540 10717 10727 
794 1 5 2 8416 10737 10747 
804 0 4 4 8506 10727 10765 
822 0 6 5 8633 10747 10775 
831 1 7 0 8703 10757 10777 
829 0 0 7 8685 10767 10777 
818 1 3 3 8598 10798 10808 
815 0 4 2 8584 10808 10818 
812 1 1 5 8561 10777 10825 
800 1 5 7 8459 10818 10828 
826 0 6 6 8673 10828 10838 
842 1 7 1 8776 10838 10848 
837 0 0 0 8738 10848 10858 
821 1 1 2 8628 10858 10868 
825 0 2 5 8654 10788 10875 
824 1 3 6 8649 10878 10888 
823 0 4 3 8637 10888 10898 
809 1 5 2 8534 10898 10918 
834 0 6 7 8727 10908 10918 
832 0 2 5 8703 10868 10925 
850 1 7 1 8844 10918 10928 
844 0 0 3 8789 10928 10948 
828 1 1 2 8680 10938 10968 
840 0 2 1 8762 10949 10978 
833 1 3 3 8704 10959 10998 
845 0 6 4 8801 10989 10999 
851 0 0 1 8846 11009 11029 
836 1 1 2 8730 11019 11029 
848 0 2 0 8821 11029 11039 
830 0 4 3 8689 10969 11048 
839 1 3 7 8752 11039 11049 
854 0 6 4 8863 11069 11079 
835 0 4 0 8729 11049 11089 
869 1 7 1 8979 11079 11089 
817 1 5 3 8595 10979 11098 
861 0 0 5 8926 11089 11099 
843 1 1 2 8784 11099 11110 
841 0 4 1 8770 11130 11140 
858 1 7 3 8902 10999 11149 
855 0 2 5 8870 11110 11150 
838 1 5 4 8750 11140 11150 
875 1 7 6 9041 11160 11170 
871 0 0 0 9000 11170 11180 
827 1 5 3 8674 11059 11205 
863 0 6 5 8939 11150 11205 
860 0 2 1 8923 11190 11208 
856 1 3 7 8891 11208 11218 
849 0 4 2 8843 11218 11228 
846 1 3 3 8813 11120 11255 
847 1 5 7 8813 11228 11268 
868 0 2 6 8977 11278 11288 
865 1 3 4 8951 11288 11299 
853 1 1 3 8859 11180 11305 
883 1 7 7 9095 11248 11318 
852 1 5 5 8859 11309 11319 
882 0 6 1 9074 11319 11329 
857 0 4 4 8893 11299 11349 
874 0 6 3 9013 11238 11355 
866 1 1 2 8953 11349 11359 
876 0 0 7 9045 11258 11368 
896 1 7 5 9173 11329 11369 
878 0 2 0 9048 11359 11369 
862 1 5 4 8929 11389 11399 
859 1 1 3 8907 11268 11405 
886 0 0 7 9101 11339 11418 
872 1 3 5 9011 11369 11419 
892 0 0 6 9156 11419 11429 
887 0 6 4 9115 11399 11449 
885 0 2 1 9096 11439 11449 
901 1 7 3 9222 11409 11455 
879 1 3 0 9051 11449 11460 
864 0 4 7 8943 11379 11468 
867 1 5 5 8975 11470 11480 
895 0 6 6 9170 11480 11490 
909 1 7 4 9278 11490 11500 
873 1 1 3 9011 11429 11505 
881 1 1 0 9071 11510 11520 
893 0 2 1 9158 11520 11530 
898 0 0 4 9196 11500 11550 
880 0 4 6 9068 11540 11550 
870 0 4 3 8998 11460 11555 
904 0 6 0 9246 11560 11570 
877 1 5 1 9046 11550 11580 
918 1 7 2 9348 11570 11580 
908 0 0 5 9272 11580 11591 
889 1 3 4 9131 11530 11600 
890 1 1 7 9134 11591 11601 
902 0 2 0 9225 11601 11620 
897 1 3 3 9187 11611 11621 
888 0 4 6 9117 11621 11631 
913 0 6 4 9316 11641 11651 
927 1 7 2 9415 11651 11661 
884 1 5 6 9095 11631 11681 
899 1 1 5 9199 11671 11681 
910 0 2 0 9286 11681 11691 
917 0 0 4 9345 11661 11701 
906 1 3 7 9265 11691 11701 
891 1 5 6 9149 11711 11731 
894 0 4 5 9162 11701 11731 
921 0 6 1 9372 11721 11732 
905 1 1 0 9248 11752 11762 
924 0 0 5 9394 11742 11781 
933 1 7 1 9464 11732 11782 
914 1 3 4 9325 11772 11782 
920 0 2 0 9358 11762 11812 
931 0 6 1 9443 11802 11832 
900 1 5 4 9212 11792 11832 
926 0 2 5 9407 11842 11852 
903 0 4 0 9241 11782 11862 
911 0 4 6 9291 11862 11872 
912 1 1 1 9301 11832 11882 
932 0 0 4 9446 11822 11882 
937 0 6 2 9485 11883 11893 
925 1 3 5 9402 11852 11902 
942 1 7 0 9538 11812 11912 
953 1 7 6 9617 11893 11923 
919 1 1 7 9350 11913 11923 
940 0 0 2 9501 11903 11943 
934 1 3 1 9468 11933 11943 
907 1 5 5 9270 11872 11952 
936 0 2 0 9479 11923 11962 
915 1 5 7 9327 11953 11973 
960 1 7 2 9657 11973 11993 
948 0 6 5 9562 11963 12003 
928 1 1 4 9418 11993 12003 
916 0 4 0 9331 11943 12012 
923 0 4 6 9390 12024 12034 
946 0 0 2 9553 11983 12043 
943 0 2 5 9545 12003 12053 
944 1 3 4 9545 12014 12054 
938 1 1 1 9486 12074 12084 
965 1 7 2 9698 12054 12093 
950 0 2 7 9591 12084 12094 
922 1 5 5 9382 12034 12103 
957 0 6 4 9636 12044 12104 
930 0 4 0 9440 12104 12114 
929 1 5 3 9423 12114 12124 
954 1 3 2 9623 12094 12143 
975 1 7 5 9778 12134 12153 
956 0 0 4 9630 12064 12154 
966 0 0 1 9704 12144 12154 
964 0 6 0 9696 12124 12164 
945 1 1 6 9548 12154 12164 
961 1 3 5 9664 12175 12203 
959 0 2 1 9655 12164 12205 
939 0 4 0 9493 12185 12214 
981 1 7 4 9823 12215 12225 
974 0 0 3 9776 12225 12235 
952 1 1 2 9602 12235 12245 
935 1 5 1 9470 12195 12255 
968 0 2 5 9714 12245 12255 
972 0 6 0 9752 12205 12264 
941 1 5 3 9530 12275 12285 
978 0 6 4 9799 12285 12295 
947 0 4 5 9556 12265 12305 
988 1 7 2 9872 12295 12305 
967 1 3 0 9713 12255 12315 
983 0 0 6 9834 12305 12315 
958 1 1 4 9652 12315 12345 
973 1 3 5 9767 12336 12355 
951 0 4 0 9600 12346 12365 
976 0 2 6 9784 12326 12366 
987 0 6 7 9870 12366 12376 
991 0 0 4 9897 12386 12396 
949 1 5 6 9571 12356 12416 
962 0 4 7 9676 12426 12436 
970 1 1 4 9732 12396 12446 
955 1 5 2 9628 12436 12446 
993 1 7 6 9913 12376 12466 
980 1 1 1 9808 12476 12487 
985 0 2 4 9860 12406 12496 
996 0 6 2 9931 12446 12496 
992 0 2 5 9900 12487 12497 
990 1 3 3 9881 12497 12507 
982 1 3 6 9827 12416 12516 
969 0 4 0 9730 12507 12517 
1003 0 6 1 9978 12527 12537 
