3 0 2 1 3527 3527 3538 
5 0 4 1 3528 3538 3588 
11 0 2 3 3587 3587 3597 
1 0 0 7 3527 3597 3607 
14 1 1 6 3590 3617 3627 
6 1 5 2 3528 3627 3637 
2 1 1 1 3527 3548 3638 
20 0 2 3 3637 3637 3647 
12 0 4 7 3587 3607 3657 
21 1 1 5 3645 3658 3668 
7 0 6 2 3528 3668 3687 
16 0 0 1 3603 3647 3688 
24 0 0 6 3679 3688 3698 
10 0 6 4 3577 3698 3708 
22 0 4 5 3648 3678 3718 
27 1 1 3 3701 3708 3718 
35 0 0 1 3758 3758 3768 
17 0 6 6 3630 3768 3778 
44 0 0 3 3814 3814 3824 
4 1 3 2 3528 3824 3834 
37 1 1 6 3774 3834 3844 
26 0 2 5 3696 3844 3854 
30 0 4 4 3710 3854 3864 
45 1 1 2 3830 3864 3884 
18 1 5 5 3633 3884 3904 
29 1 5 6 3710 3894 3904 
9 1 5 4 3574 3874 3914 
15 1 3 3 3600 3914 3924 
50 1 1 6 3874 3904 3954 
36 1 5 4 3760 3944 3964 
23 1 3 0 3672 3954 3964 
25 0 6 3 3688 3934 3974 
57 1 1 5 3919 3975 3985 
38 0 4 6 3780 3924 4004 
61 0 0 0 3954 3985 4015 
66 1 1 7 3986 4005 4015 
53 0 0 3 3878 3964 4024 
34 1 3 6 3750 4044 4054 
71 0 0 0 4034 4034 4065 
73 1 1 7 4049 4054 4065 
8 1 7 3 3528 3995 4074 
82 1 1 4 4127 4127 4140 
40 1 3 3 3797 4140 4151 
91 1 1 0 4189 4189 4199 
46 0 4 4 3838 4199 4209 
41 1 5 7 3804 4209 4219 
80 0 0 1 4089 4219 4229 
55 0 4 5 3912 4229 4239 
52 1 5 2 3876 4251 4261 
62 0 4 7 3974 4239 4269 
48 1 3 3 3870 4261 4271 
31 0 6 1 3737 4271 4281 
105 1 1 0 4282 4301 4311 
88 0 0 7 4155 4281 4319 
97 1 1 3 4233 4291 4321 
114 1 1 1 4340 4340 4350 
120 1 1 4 4390 4390 4401 
13 1 7 6 3590 4411 4421 
64 1 5 1 3979 4431 4441 
56 1 3 4 3916 4401 4451 
70 1 5 3 4030 4441 4451 
69 0 4 2 4026 4461 4471 
79 1 5 6 4086 4481 4491 
60 1 5 4 3939 4421 4501 
67 1 3 1 3992 4491 4501 
95 0 0 2 4214 4521 4531 
99 0 0 7 4254 4531 4541 
32 0 2 4 3739 4451 4551 
19 1 7 1 3635 4541 4551 
106 0 0 0 4296 4551 4561 
131 1 1 2 4465 4572 4582 
138 1 1 3 4512 4582 4592 
42 0 2 4 3810 4471 4601 
144 1 1 7 4561 4592 4602 
43 0 6 2 3810 4602 4632 
83 0 4 1 4127 4622 4632 
77 0 4 4 4075 4501 4651 
49 0 6 2 3873 4642 4682 
84 1 3 1 4130 4632 4682 
93 1 5 3 4209 4672 4682 
103 1 5 5 4264 4682 4692 
75 1 3 4 4061 4511 4701 
159 1 1 0 4674 4692 4702 
59 0 6 1 3924 4652 4732 
113 0 0 4 4336 4561 4751 
169 1 1 7 4743 4743 4753 
90 0 4 3 4187 4753 4763 
101 0 4 0 4258 4763 4773 
63 0 6 1 3975 4773 4783 
174 1 1 6 4785 4785 4795 
150 1 1 4 4608 4612 4801 
86 1 5 4 4147 4662 4851 
78 0 6 2 4080 4851 4861 
124 0 0 4 4414 4702 4901 
87 0 6 3 4150 4907 4917 
107 0 4 1 4299 4927 4937 
112 1 5 4 4330 4795 4954 
201 1 1 0 4971 4971 4981 
51 0 2 3 3875 4991 5001 
72 0 6 4 4035 4805 5004 
58 0 2 6 3921 5001 5011 
33 1 7 0 3743 5011 5031 
116 0 4 5 4360 5021 5032 
182 1 1 4 4841 4841 5054 
121 0 4 6 4400 5042 5062 
141 0 0 1 4537 5052 5062 
207 1 1 5 5015 5032 5082 
68 0 2 2 4000 5082 5092 
190 1 1 4 4897 4897 5104 
148 0 0 6 4590 5092 5112 
213 1 1 1 5066 5072 5112 
122 1 5 3 4406 5102 5112 
92 1 3 5 4208 5062 5132 
130 0 0 4 4460 4917 5154 
128 1 5 6 4447 5132 5162 
39 1 7 2 3790 5152 5162 
96 0 6 5 4215 5112 5182 
28 1 7 4 3702 4981 5204 
222 1 1 6 5135 5162 5212 
100 1 3 0 4257 5211 5221 
165 0 0 1 4709 5221 5231 
157 0 0 4 4664 5122 5254 
181 0 0 2 4836 5251 5261 
172 0 0 6 4768 5231 5262 
119 0 6 3 4387 5281 5291 
132 0 4 4 4469 5142 5304 
104 0 6 6 4265 5241 5312 
85 0 2 2 4134 5321 5331 
155 0 4 3 4649 5291 5341 
163 0 4 1 4694 5342 5352 
47 1 7 4 3864 5173 5354 
149 0 4 6 4600 5261 5362 
239 1 1 5 5262 5362 5372 
94 0 2 2 4210 5331 5382 
168 0 4 1 4739 5352 5402 
231 1 1 4 5191 5191 5404 
110 0 6 6 4316 5271 5412 
102 0 2 3 4260 5412 5422 
180 0 4 2 4818 5372 5432 
247 1 1 5 5332 5432 5442 
54 1 7 1 3904 5392 5452 
139 0 4 4 4524 5201 5454 
135 1 5 6 4497 5311 5462 
202 0 0 0 4978 5452 5463 
189 0 4 2 4894 5382 5482 
108 0 2 5 4310 5442 5492 
192 0 0 1 4907 5422 5502 
228 0 0 3 5179 5493 5503 
76 0 2 4 4067 5301 5505 
74 1 7 6 4060 5513 5523 
198 0 4 2 4959 5402 5532 
65 1 7 5 3982 5473 5543 
205 0 4 1 5011 5523 5552 
215 0 4 3 5073 5533 5553 
212 0 0 4 5051 5463 5555 
117 1 3 6 4364 5543 5573 
220 0 0 5 5127 5483 5593 
225 0 4 2 5147 5584 5594 
238 0 0 1 5260 5553 5602 
109 1 3 4 4313 5503 5605 
158 1 5 3 4673 5624 5634 
126 0 6 5 4427 5563 5643 
115 0 2 2 4350 5604 5644 
246 0 0 7 5326 5634 5644 
170 1 5 0 4744 5644 5654 
143 1 5 4 4548 5594 5655 
127 1 3 5 4430 5574 5693 
151 1 5 2 4625 5614 5694 
129 0 2 0 4454 5684 5704 
137 1 3 4 4510 5664 5705 
240 0 4 7 5262 5705 5715 
257 0 0 5 5406 5654 5743 
123 0 2 2 4409 5674 5744 
230 0 4 4 5188 5694 5755 
136 0 2 0 4509 5755 5765 
254 1 1 1 5394 5775 5785 
147 1 3 5 4588 5725 5793 
248 0 4 2 5342 5715 5794 
184 1 5 3 4847 5785 5795 
134 0 6 4 4496 5735 5805 
262 1 1 0 5450 5805 5815 
142 0 6 5 4545 5765 5843 
81 1 7 3 4112 5795 5845 
156 0 2 7 4650 5835 5845 
175 1 5 4 4788 5745 5855 
258 0 4 2 5415 5845 5855 
153 1 3 0 4630 5855 5865 
145 0 2 3 4580 5825 5895 
268 0 4 7 5487 5865 5895 
263 0 0 4 5453 5815 5905 
276 0 4 2 5553 5886 5905 
272 1 1 0 5520 5876 5916 
284 1 1 6 5609 5926 5936 
191 1 5 3 4900 5896 5945 
279 1 1 4 5564 5906 5955 
98 1 7 2 4246 5946 5956 
289 0 4 1 5626 5956 5966 
197 1 5 0 4954 5966 5976 
209 1 5 7 5028 5976 5986 
164 0 2 3 4707 5916 5995 
271 0 0 1 5517 5986 6016 
152 0 6 0 4625 5996 6026 
173 0 2 4 4770 6016 6026 
294 1 1 7 5666 6006 6036 
160 1 3 6 4679 6026 6037 
89 1 7 3 4174 5936 6046 
281 0 0 2 5576 6037 6047 
288 0 0 1 5625 6047 6066 
295 0 0 4 5678 6067 6077 
161 0 6 6 4684 6057 6087 
300 1 1 5 5725 6077 6087 
219 1 5 7 5103 6087 6097 
307 1 1 2 5767 6097 6107 
167 1 3 4 4734 6107 6127 
179 0 2 0 4811 6117 6127 
301 0 0 6 5726 6127 6137 
111 1 7 2 4318 6137 6157 
314 1 1 1 5825 6147 6157 
299 0 4 5 5699 6157 6168 
323 1 1 2 5882 6178 6207 
177 1 3 1 4800 6168 6207 
185 0 2 4 4854 6198 6208 
235 1 5 3 5219 6218 6228 
331 1 1 7 5956 6238 6248 
227 1 5 2 5179 6208 6257 
309 0 0 1 5791 6188 6258 
341 1 1 5 6034 6248 6258 
308 0 4 4 5777 6268 6278 
349 1 1 3 6088 6278 6288 
315 0 4 6 5831 6288 6298 
186 1 3 2 4854 6258 6307 
241 1 5 1 5267 6228 6308 
194 0 2 0 4920 6298 6308 
328 0 4 7 5929 6318 6329 
166 0 6 3 4728 6339 6349 
322 0 4 2 5871 6308 6357 
193 1 3 5 4910 6349 6359 
356 1 1 1 6160 6369 6379 
178 0 6 6 4802 6389 6399 
250 1 5 2 5345 6329 6407 
118 1 7 5 4369 6359 6409 
364 1 1 3 6212 6399 6409 
317 0 0 1 5851 6379 6429 
255 1 5 6 5395 6429 6449 
265 1 5 4 5469 6439 6449 
371 1 1 3 6259 6409 6459 
384 1 1 2 6338 6449 6459 
274 1 5 0 5536 6469 6480 
203 1 3 6 4985 6459 6499 
125 1 7 7 4420 6490 6500 
338 0 4 3 6009 6419 6509 
282 1 5 2 5592 6500 6510 
290 1 5 1 5645 6520 6530 
389 1 1 5 6384 6530 6540 
346 0 4 6 6082 6480 6549 
354 0 4 2 6133 6510 6560 
187 0 6 3 4880 6550 6560 
325 0 0 1 5905 6540 6580 
133 1 7 2 4476 6580 6610 
334 0 0 3 5972 6560 6610 
195 0 6 1 4923 6570 6630 
408 1 1 5 6525 6620 6630 
199 0 2 0 4970 6630 6640 
200 0 6 2 4970 6600 6660 
361 0 4 3 6178 6590 6660 
146 1 7 7 4588 6651 6661 
399 1 1 1 6459 6610 6680 
140 1 7 5 4527 6640 6680 
206 0 6 7 5014 6661 6711 
304 1 5 6 5745 6701 6711 
297 1 5 1 5689 6671 6730 
366 0 4 5 6220 6691 6731 
378 0 4 2 6289 6721 6731 
385 0 4 3 6344 6741 6751 
214 0 6 7 5069 6681 6761 
340 0 0 1 6033 6751 6780 
154 1 7 5 4633 6711 6781 
415 1 1 2 6565 6731 6781 
211 1 3 4 5050 6771 6781 
419 1 1 0 6606 6802 6812 
216 0 2 5 5088 6781 6831 
208 0 2 2 5022 6761 6831 
311 1 5 6 5799 6822 6832 
162 1 7 1 4686 6842 6852 
218 1 3 0 5092 6812 6862 
221 0 2 4 5130 6862 6872 
394 0 4 2 6408 6792 6881 
359 0 0 6 6169 6852 6882 
403 0 4 5 6475 6882 6892 
428 1 1 4 6680 6872 6922 
423 0 4 1 6633 6912 6922 
350 0 0 2 6091 6832 6931 
370 0 0 5 6238 6892 6942 
431 0 4 6 6701 6942 6952 
232 0 2 7 5193 6952 6963 
223 1 3 4 5138 6922 6972 
435 1 1 1 6723 6932 6972 
411 0 4 5 6553 6902 6992 
319 1 5 7 5856 6963 7013 
335 1 5 4 5978 6983 7022 
329 1 5 1 5931 6973 7022 
439 0 4 0 6755 7013 7023 
343 1 5 5 6038 6993 7042 
352 1 5 6 6111 7043 7053 
377 0 0 4 6288 7003 7072 
171 1 7 0 4745 7023 7073 
183 1 7 1 4842 7063 7073 
392 0 0 2 6400 7083 7094 
386 0 0 6 6348 7053 7103 
357 1 5 5 6161 7094 7104 
224 0 6 4 5142 7073 7122 
176 1 7 0 4792 7033 7123 
447 0 4 2 6816 7104 7144 
229 0 6 7 5183 7134 7144 
455 0 4 5 6869 7124 7154 
441 1 1 4 6777 7114 7172 
237 0 2 0 5259 7174 7184 
363 1 5 2 6208 7164 7194 
236 0 6 7 5256 7144 7194 
460 0 4 4 6910 7184 7223 
457 1 1 6 6895 7214 7224 
374 1 5 3 6271 7224 7235 
449 1 1 2 6835 7204 7244 
244 0 6 7 5305 7154 7244 
465 1 1 1 6948 7235 7245 
252 0 6 0 5375 7245 7255 
466 0 4 6 6958 7265 7275 
397 0 0 7 6442 7194 7294 
188 1 7 1 4887 7255 7295 
381 1 5 3 6315 7285 7295 
406 0 0 5 6504 7315 7325 
412 0 0 4 6553 7325 7335 
233 1 3 7 5214 7275 7344 
476 0 4 3 7018 7295 7345 
473 1 1 1 7007 7335 7345 
401 1 5 0 6466 7355 7365 
481 0 4 2 7069 7365 7376 
482 1 1 7 7070 7345 7394 
390 1 5 3 6387 7305 7395 
196 1 7 6 4932 7386 7396 
489 1 1 0 7133 7376 7416 
204 1 7 4 4995 7406 7416 
418 1 5 2 6603 7416 7426 
261 0 6 5 5434 7426 7436 
409 1 5 3 6532 7396 7445 
487 0 4 1 7113 7436 7446 
497 1 1 0 7195 7446 7466 
422 0 0 5 6625 7466 7486 
510 1 1 7 7270 7486 7496 
495 0 4 3 7178 7496 7506 
210 1 7 0 5044 7456 7516 
430 0 0 2 6695 7517 7527 
243 1 3 5 5290 7476 7536 
519 1 1 3 7345 7506 7557 
245 0 2 4 5312 7557 7567 
267 0 6 2 5480 7537 7577 
251 1 3 5 5348 7527 7586 
436 1 5 0 6727 7577 7587 
427 1 5 3 6657 7567 7607 
259 1 3 4 5419 7597 7617 
266 1 3 2 5474 7607 7627 
503 0 4 5 7221 7547 7636 
438 0 0 7 6746 7637 7647 
446 1 5 3 6807 7587 7657 
528 1 1 4 7408 7617 7667 
217 1 7 6 5091 7658 7668 
454 1 5 2 6867 7647 7677 
540 1 1 1 7521 7668 7678 
512 0 4 7 7288 7688 7698 
532 1 1 4 7455 7627 7717 
520 0 4 6 7360 7708 7718 
444 0 0 2 6794 7718 7728 
547 1 1 5 7563 7738 7748 
463 1 5 0 6922 7748 7758 
275 1 3 4 5544 7678 7767 
273 0 6 6 5520 7728 7768 
280 0 6 3 5570 7778 7788 
555 1 1 5 7635 7768 7798 
291 1 3 1 5646 7788 7798 
283 1 3 0 5603 7758 7808 
234 1 7 7 5219 7798 7809 
226 1 7 4 5147 7698 7817 
467 1 5 6 6965 7809 7819 
249 1 7 5 5344 7839 7849 
253 0 2 7 5381 7829 7859 
453 0 0 3 6850 7849 7859 
242 1 7 6 5270 7819 7869 
461 0 0 0 6918 7859 7869 
564 1 1 5 7694 7869 7899 
256 1 7 4 5402 7889 7899 
472 0 0 7 6996 7899 7909 
477 1 5 6 7022 7879 7919 
480 0 0 1 7068 7909 7919 
296 0 6 2 5686 7929 7940 
286 0 6 5 5613 7919 7949 
526 0 4 4 7405 7940 7950 
264 1 7 6 5467 7950 7969 
536 0 4 1 7479 7960 7970 
486 1 5 0 7097 7970 7980 
554 0 4 3 7607 8000 8010 
542 0 4 1 7535 7980 8020 
488 0 0 0 7130 7990 8030 
567 0 4 5 7719 8020 8030 
260 0 2 6 5426 8030 8040 
560 0 4 3 7671 8010 8060 
490 1 5 0 7142 8060 8080 
305 0 6 5 5749 8050 8080 
504 0 0 1 7225 8070 8080 
496 0 0 6 7182 8040 8090 
511 0 0 2 7277 8080 8090 
574 0 4 3 7763 8090 8110 
313 0 6 7 5817 8110 8121 
573 1 1 6 7763 8131 8141 
269 0 2 3 5505 8100 8160 
518 0 0 7 7333 8121 8171 
582 0 4 0 7836 8161 8171 
508 1 5 4 7265 8171 8181 
500 1 5 6 7203 8151 8191 
321 0 6 2 5867 8181 8191 
581 1 1 5 7819 8191 8201 
278 0 2 3 5560 8141 8210 
524 0 0 1 7390 8201 8211 
270 1 7 7 5516 8221 8231 
298 1 3 2 5690 8231 8241 
588 1 1 5 7888 8211 8251 
306 1 3 7 5758 8251 8281 
610 1 1 1 8038 8282 8292 
598 1 1 5 7947 8241 8301 
590 0 4 2 7894 8292 8302 
617 1 1 6 8098 8302 8312 
596 0 4 4 7936 8312 8322 
531 0 0 7 7450 8261 8331 
513 1 5 3 7320 8332 8342 
604 1 1 5 7988 8272 8351 
605 0 4 4 7989 8322 8372 
539 0 0 7 7518 8372 8382 
630 1 1 0 8192 8382 8392 
624 1 1 5 8148 8342 8401 
287 0 2 1 5618 8392 8403 
568 0 0 0 7721 8423 8443 
277 1 7 5 5557 8352 8451 
548 0 0 1 7579 8403 8453 
292 1 7 7 5653 8453 8463 
316 1 3 2 5837 8463 8473 
614 0 4 6 8055 8483 8493 
523 1 5 5 7388 8362 8501 
557 0 0 1 7654 8413 8503 
577 0 0 7 7781 8493 8513 
645 1 1 2 8298 8473 8523 
640 1 1 5 8257 8433 8552 
285 1 7 1 5612 8443 8553 
327 0 6 0 5924 8553 8563 
534 1 5 2 7461 8513 8573 
324 1 3 4 5887 8584 8594 
662 1 1 5 8415 8533 8602 
653 1 1 1 8352 8503 8603 
337 0 6 3 6001 8604 8614 
623 0 4 2 8134 8543 8623 
583 0 0 5 7838 8563 8652 
543 1 5 1 7537 8523 8653 
345 0 6 6 6049 8644 8654 
593 0 0 2 7910 8574 8673 
293 0 2 5 5666 8594 8702 
670 1 1 1 8467 8614 8703 
348 1 3 6 6087 8664 8704 
333 1 3 2 5964 8624 8723 
703 1 1 0 8707 8725 8735 
339 1 3 5 6031 8634 8752 
302 0 2 1 5727 8674 8753 
686 1 1 6 8577 8695 8754 
655 0 4 4 8374 8745 8755 
678 1 1 2 8525 8684 8773 
664 0 4 3 8436 8775 8785 
632 0 4 5 8197 8654 8802 
303 1 7 1 5733 8755 8803 
353 0 6 6 6115 8765 8804 
320 0 2 4 5861 8795 8805 
691 1 1 2 8627 8715 8823 
312 1 7 3 5805 8805 8835 
552 1 5 0 7603 8835 8845 
642 0 4 5 8275 8705 8852 
310 0 2 1 5792 8785 8853 
318 1 7 4 5851 8866 8876 
330 0 2 3 5935 8825 8885 
326 1 7 0 5915 8876 8895 
652 0 4 5 8328 8735 8902 
671 0 4 1 8479 8845 8903 
602 0 0 6 7978 8896 8906 
367 1 3 4 6223 8906 8926 
683 0 4 3 8559 8916 8935 
358 1 3 5 6165 8815 8952 
712 1 1 1 8786 8855 8953 
711 0 4 7 8780 8956 8966 
690 0 4 4 8621 8926 8976 
718 0 4 3 8820 8966 8985 
720 1 1 0 8844 8986 8996 
336 0 2 5 5993 8886 9002 
612 0 0 1 8052 8976 9004 
342 1 7 6 6037 9006 9017 
705 0 4 4 8727 8946 9026 
727 1 1 3 8884 9017 9035 
698 0 4 5 8672 8936 9053 
743 0 4 2 9031 9047 9057 
332 1 7 4 5958 8996 9076 
734 0 4 3 8953 9037 9086 
619 0 0 5 8112 9057 9103 
362 0 6 2 6185 9077 9107 
724 0 4 4 8876 9027 9126 
628 0 0 3 8172 9097 9136 
735 1 1 0 8964 9127 9137 
376 1 3 1 6276 9137 9147 
344 0 2 5 6039 9067 9153 
375 0 6 4 6275 9117 9176 
634 0 0 3 8214 9107 9186 
641 0 0 0 8269 9147 9187 
360 0 2 1 6173 9178 9197 
368 0 6 5 6225 9087 9203 
383 0 6 4 6337 9198 9226 
651 0 0 3 8324 9188 9236 
742 1 1 0 9021 9157 9237 
365 0 2 1 6214 9228 9247 
749 0 4 2 9090 9238 9248 
751 1 1 5 9096 9208 9253 
373 0 2 7 6270 9258 9268 
559 1 5 4 7661 9218 9276 
351 0 2 0 6100 9167 9287 
760 0 4 3 9158 9278 9288 
395 0 6 2 6428 9298 9309 
391 0 6 7 6388 9268 9318 
382 1 3 6 6326 9309 9319 
659 0 0 0 8386 9248 9338 
767 0 4 3 9209 9288 9339 
380 0 2 4 6313 9329 9339 
566 1 5 7 7702 9319 9368 
763 1 1 6 9191 9359 9369 
572 1 5 0 7748 9349 9388 
758 1 1 4 9143 9339 9389 
775 1 1 1 9268 9399 9409 
388 0 2 6 6375 9389 9419 
782 0 4 3 9318 9409 9419 
771 0 4 0 9250 9369 9438 
666 0 0 4 8444 9379 9439 
347 1 7 7 6085 9439 9449 
786 0 4 6 9360 9419 9469 
393 1 3 0 6403 9460 9488 
783 1 1 4 9332 9429 9489 
687 0 0 3 8578 9490 9500 
692 0 0 2 8629 9500 9510 
797 0 4 6 9436 9480 9519 
790 1 1 7 9383 9520 9530 
673 0 0 4 8487 9449 9539 
707 0 0 5 8740 9530 9540 
701 0 0 3 8697 9510 9550 
805 0 4 1 9502 9550 9560 
713 0 0 7 8787 9540 9580 
679 0 0 4 8537 9470 9589 
795 1 1 6 9426 9581 9591 
579 1 5 5 7806 9591 9601 
723 0 0 1 8863 9560 9611 
813 0 4 4 9555 9570 9639 
822 0 4 5 9626 9626 9651 
355 1 7 1 6154 9601 9661 
827 0 4 3 9666 9666 9676 
402 0 6 2 6471 9686 9696 
400 1 3 3 6465 9676 9726 
838 0 4 4 9744 9744 9754 
587 1 5 1 7882 9754 9764 
407 1 3 5 6515 9774 9784 
369 1 7 4 6226 9764 9804 
379 1 7 3 6309 9814 9824 
372 1 7 5 6268 9784 9834 
398 0 2 6 6443 9834 9845 
416 1 3 4 6595 9794 9854 
387 1 7 7 6359 9845 9855 
846 0 4 3 9806 9824 9874 
595 1 5 5 7928 9804 9884 
804 1 1 4 9501 9894 9904 
856 0 4 7 9884 9884 9905 
396 1 7 0 6439 9904 9914 
413 0 2 6 6556 9914 9924 
815 1 1 2 9579 9924 9934 
404 0 2 5 6484 9855 9934 
405 1 7 3 6501 9934 9944 
410 0 6 0 6546 9944 9964 
730 0 0 7 8930 9954 9964 
603 1 5 5 7985 9964 9984 
613 1 5 3 8054 9985 9995 
865 0 4 4 9944 9995 10005 
417 0 6 5 6601 9974 10034 
836 1 1 2 9724 10025 10035 
823 1 1 3 9632 10005 10045 
881 0 4 0 10064 10065 10075 
843 1 1 2 9778 10045 10085 
830 1 1 3 9684 10015 10095 
890 0 4 7 10127 10127 10137 
873 0 4 3 10004 10035 10145 
744 0 0 2 9035 10157 10167 
853 1 1 3 9853 10055 10195 
899 0 4 5 10192 10192 10202 
866 1 1 2 9952 10222 10232 
738 0 0 3 8991 10137 10245 
752 0 0 5 9105 10212 10252 
626 1 5 2 8165 10253 10282 
859 1 1 3 9906 10147 10295 
420 0 2 5 6612 10232 10302 
414 1 7 7 6558 10303 10313 
424 1 3 2 6650 10263 10333 
905 0 4 0 10241 10323 10333 
912 0 4 1 10294 10333 10343 
621 1 5 3 8121 10202 10345 
636 1 5 5 8236 10273 10352 
919 0 4 7 10343 10343 10363 
922 1 7 5 10377 0 0 
648 1 5 2 8313 10364 10383 
888 1 1 6 10113 10374 10384 
882 1 1 1 10072 10353 10393 
426 0 2 3 6656 10242 10395 
433 0 2 5 6711 10293 10403 
929 1 7 3 10418 0 0 
928 0 4 4 10411 10411 10422 
759 0 0 3 9158 10283 10445 
421 1 7 0 6617 10442 10452 
894 1 1 5 10157 10422 10453 
432 1 3 6 6707 10452 10462 
777 0 0 2 9288 10472 10482 
874 1 1 3 10010 10313 10495 
903 1 1 0 10236 10462 10502 
429 1 7 1 6694 10492 10502 
768 0 0 5 9212 10432 10503 
443 0 2 6 6787 10482 10512 
425 0 6 2 6655 10502 10532 
938 0 4 1 10480 10512 10552 
450 0 2 5 6842 10532 10553 
437 1 7 6 6735 10522 10562 
951 0 4 0 10595 10595 10607 
945 0 4 6 10541 10542 10612 
660 1 5 2 8387 10607 10617 
955 1 7 2 10622 0 0 
462 0 2 5 6919 10617 10627 
960 1 3 2 10650 0 0 
434 0 6 6 6716 10552 10662 
962 0 4 7 10671 10671 10681 
963 1 7 4 10688 0 0 
965 1 3 2 10691 0 0 
967 0 6 0 10707 0 0 
911 1 1 6 10286 10681 10714 
969 0 4 0 10727 10727 10737 
971 1 7 5 10744 0 0 
470 0 2 5 6984 10737 10747 
440 0 6 4 6756 10747 10757 
442 1 3 1 6779 10757 10767 
916 1 1 0 10326 10767 10787 
923 1 1 6 10385 10777 10788 
978 1 7 4 10794 0 0 
979 0 4 1 10802 10802 10817 
448 0 6 3 6826 10812 10822 
983 1 3 6 10829 0 0 
665 1 5 5 8440 10822 10832 
987 1 7 7 10865 0 0 
986 0 4 1 10861 10861 10871 
990 0 6 3 10874 0 0 
991 1 3 4 10892 0 0 
993 0 2 6 10907 0 0 
994 0 6 6 10916 0 0 
995 1 7 5 10927 0 0 
998 1 3 6 10937 0 0 
999 0 4 5 10940 10940 10954 
1000 0 2 6 10957 0 0 
675 1 5 3 8495 10954 10964 
1004 1 7 4 10974 0 0 
478 0 2 7 7038 10974 10984 
930 1 1 0 10436 10984 10994 
456 0 6 5 6881 10964 11004 
1006 1 3 2 11005 0 0 
483 0 2 3 7082 10994 11014 
682 1 5 2 8550 11004 11014 
1011 0 6 2 11036 0 0 
1007 0 4 0 11012 11014 11044 
451 1 3 4 6843 11034 11044 
1012 1 7 7 11053 0 0 
787 0 0 5 9362 11044 11054 
445 1 7 1 6796 11054 11064 
696 1 5 6 8659 11064 11075 
689 1 5 0 8607 11024 11094 
459 1 3 4 6907 11085 11095 
452 1 7 5 6849 11075 11104 
464 0 6 2 6933 11095 11105 
1023 0 2 3 11121 0 0 
704 1 5 6 8710 11125 11135 
939 1 1 0 10489 11105 11144 
458 1 7 2 6897 11135 11155 
714 1 5 3 8789 11155 11165 
1030 0 2 2 11166 0 0 
1031 1 3 4 11179 0 0 
471 0 6 0 6993 11115 11194 
498 0 6 5 7197 11185 11195 
1017 0 4 2 11091 11145 11205 
493 0 2 4 7153 11195 11205 
722 1 5 7 8862 11225 11235 
1038 1 3 0 11243 0 0 
479 0 6 0 7063 11165 11244 
475 1 7 5 7018 11215 11245 
793 0 0 6 9406 11235 11246 
491 0 6 2 7142 11175 11255 
732 1 5 4 8940 11246 11256 
484 1 7 1 7094 11256 11266 
1044 1 3 4 11290 0 0 
468 1 7 0 6970 11205 11294 
947 1 1 5 10552 11266 11295 
952 1 1 2 10596 11276 11305 
958 1 1 4 10646 11286 11306 
1025 0 4 7 11153 11306 11316 
1047 0 2 7 11317 0 0 
1052 1 3 2 11338 0 0 
810 0 0 0 9532 11326 11345 
1036 0 4 5 11233 11316 11345 
818 0 0 3 9590 11336 11346 
802 0 0 4 9461 11296 11356 
502 0 2 7 7218 11346 11366 
1045 0 4 6 11290 11356 11366 
505 0 2 2 7260 11366 11377 
1057 0 6 0 11384 0 0 
515 0 2 3 7327 11377 11396 
469 1 3 7 6973 11387 11416 
527 0 2 6 7406 11397 11417 
970 1 1 4 10727 11417 11427 
1066 1 3 1 11451 0 0 
1067 1 7 1 11452 0 0 
740 1 5 3 9006 11447 11457 
509 0 6 6 7268 11407 11467 
980 1 1 1 10803 11457 11467 
535 0 2 4 7461 11487 11497 
1072 1 3 6 11505 0 0 
833 0 0 3 9696 11467 11507 
1073 1 7 6 11509 0 0 
1074 0 6 1 11509 0 0 
1050 0 4 6 11333 11427 11517 
747 1 5 1 9047 11477 11517 
544 0 2 7 7537 11507 11517 
549 0 2 5 7582 11528 11538 
1078 1 3 7 11545 0 0 
1056 0 4 4 11381 11538 11548 
1065 0 4 3 11447 11548 11558 
824 0 0 6 9641 11437 11567 
755 1 5 0 9123 11558 11568 
1083 0 6 3 11575 0 0 
1084 1 3 7 11585 0 0 
1082 0 4 4 11574 11578 11598 
1087 1 7 0 11598 0 0 
762 1 5 5 9182 11588 11598 
989 1 1 6 10871 11497 11617 
1002 1 1 2 10968 11608 11618 
474 1 3 3 7018 11618 11628 
1091 0 6 3 11636 0 0 
1008 1 1 5 11012 11628 11648 
839 0 0 7 9747 11648 11659 
494 1 7 6 7160 11517 11667 
558 0 2 3 7661 11659 11678 
1098 0 6 4 11687 0 0 
501 1 7 5 7209 11638 11698 
1099 1 3 3 11699 0 0 
1015 1 1 7 11063 11669 11709 
1075 0 4 6 11515 11568 11717 
1088 0 4 0 11624 11719 11729 
1105 0 6 2 11747 0 0 
507 1 7 5 7264 11699 11748 
1106 1 3 6 11755 0 0 
565 0 2 7 7702 11679 11759 
1100 0 4 2 11704 11749 11759 
1022 1 1 6 11119 11709 11767 
1110 1 7 4 11783 0 0 
1028 1 1 5 11159 11729 11798 
1114 1 3 1 11799 0 0 
773 1 5 7 9261 11689 11809 
854 0 0 2 9853 11779 11809 
780 1 5 0 9314 11799 11810 
514 0 6 6 7327 11759 11817 
485 1 3 1 7095 11820 11830 
516 1 7 5 7327 11789 11848 
1032 1 1 4 11200 11840 11850 
847 0 0 7 9807 11739 11859 
1111 0 4 2 11784 11850 11860 
533 0 6 1 7461 11870 11880 
575 0 2 6 7775 11880 11890 
863 0 0 5 9929 11810 11898 
499 1 3 4 7202 11890 11900 
525 0 6 7 7405 11769 11909 
492 1 3 2 7151 11860 11910 
1129 1 7 2 11924 0 0 
1119 0 4 1 11854 11921 11931 
789 1 5 5 9369 11830 11949 
1041 1 1 4 11263 11900 11950 
879 0 0 0 10044 11941 11951 
1135 1 7 6 11969 0 0 
1138 0 6 2 11987 0 0 
584 0 2 6 7844 11977 11987 
872 0 0 5 10003 11910 11999 
1127 0 4 4 11911 11931 12001 
1140 0 4 1 12003 12003 12013 
1142 1 7 4 12021 0 0 
799 1 5 0 9444 12013 12023 
1143 0 2 5 12029 0 0 
1144 1 3 5 12033 0 0 
1147 0 6 7 12044 0 0 
1133 0 4 4 11957 11957 12051 
1060 1 1 1 11409 12033 12063 
1070 1 1 6 11490 12053 12063 
1150 1 7 1 12070 0 0 
1146 0 4 0 12043 12043 12073 
808 1 5 3 9509 12073 12083 
1152 0 2 2 12091 0 0 
521 1 7 2 7371 12083 12094 
1051 1 1 4 11335 11967 12101 
1079 1 1 1 11548 12104 12114 
541 0 6 0 7523 12063 12123 
1089 1 1 3 11626 12124 12134 
1159 0 2 2 12143 0 0 
506 1 3 2 7261 12094 12144 
1160 0 6 6 12145 0 0 
889 0 0 4 10124 12023 12151 
1162 1 3 5 12154 0 0 
812 1 5 5 9552 12144 12154 
1097 1 1 6 11685 12154 12164 
530 1 7 0 7435 12134 12173 
1161 0 4 3 12151 12174 12184 
1151 0 4 2 12090 12114 12194 
1168 0 6 6 12202 0 0 
1169 1 7 2 12208 0 0 
1170 1 3 3 12214 0 0 
594 0 2 6 7912 12184 12214 
1107 1 1 0 11758 12164 12223 
1172 0 4 5 12227 12227 12237 
1175 0 6 0 12257 0 0 
538 1 7 6 7486 12237 12264 
1176 1 3 6 12265 0 0 
550 0 6 3 7587 12257 12267 
821 1 5 2 9619 12267 12277 
601 0 2 5 7973 12247 12287 
1116 1 1 7 11832 12287 12297 
1124 1 1 4 11900 12297 12307 
1182 1 3 7 12311 0 0 
897 0 0 3 10180 12277 12317 
828 1 5 2 9671 12307 12327 
556 0 6 5 7645 12318 12337 
1186 0 2 1 12345 0 0 
545 1 7 0 7557 12338 12348 
906 0 0 7 10258 12348 12358 
517 1 3 3 7328 12328 12367 
609 0 2 1 8034 12368 12378 
618 0 2 6 8109 12378 12388 
1132 1 1 0 11954 12358 12398 
1195 1 7 7 12402 0 0 
563 0 6 1 7693 12388 12428 
571 0 6 7 7742 12418 12428 
914 0 0 4 10318 12428 12438 
1199 1 7 5 12447 0 0 
529 1 3 0 7433 12408 12448 
1141 1 1 6 12011 12438 12448 
522 1 3 1 7379 12398 12478 
1178 0 4 7 12274 12459 12478 
627 0 2 4 8169 12479 12489 
1204 1 7 6 12496 0 0 
580 0 6 6 7816 12448 12498 
925 0 0 5 10395 12489 12499 
591 0 6 7 7894 12469 12528 
562 1 7 3 7678 12519 12529 
551 1 7 4 7603 12499 12539 
537 1 3 1 7483 12529 12539 
835 1 5 0 9720 12549 12559 
635 0 2 7 8228 12509 12579 
934 0 0 1 10461 12539 12589 
1155 1 1 2 12109 12580 12590 
599 0 6 6 7948 12590 12600 
1223 1 3 1 12619 0 0 
643 0 2 3 8277 12610 12620 
1148 1 1 7 12052 12570 12629 
841 1 5 1 9762 12559 12639 
608 0 6 2 8019 12600 12640 
943 0 0 5 10538 12630 12640 
1188 0 4 0 12354 12660 12670 
1230 1 3 7 12678 0 0 
1165 1 1 6 12173 12670 12680 
650 0 2 2 8324 12620 12690 
569 1 7 5 7722 12640 12690 
1171 1 1 7 12216 12680 12690 
1235 1 7 0 12713 0 0 
1196 0 4 0 12417 12710 12720 
616 0 6 3 8095 12720 12730 
1236 1 3 2 12738 0 0 
849 1 5 2 9835 12650 12740 
1180 1 1 7 12294 12690 12740 
1205 0 4 5 12497 12730 12741 
857 1 5 4 9885 12741 12751 
1243 1 7 1 12778 0 0 
1201 1 1 6 12451 12771 12781 
1192 1 1 2 12397 12751 12790 
1185 1 1 7 12337 12700 12790 
1211 0 4 5 12543 12781 12791 
1246 1 3 6 12806 0 0 
1221 0 4 1 12608 12801 12811 
1247 0 2 4 12811 0 0 
625 0 6 7 8148 12761 12840 
663 0 2 5 8427 12841 12851 
1253 1 3 1 12856 0 0 
657 0 2 1 8383 12821 12861 
1229 0 4 4 12675 12861 12871 
870 1 5 3 9990 12871 12881 
950 0 0 7 10584 12791 12891 
633 0 6 6 8210 12881 12891 
1259 1 3 0 12906 0 0 
959 0 0 1 10648 12851 12911 
1207 1 1 0 12500 12901 12912 
1262 1 7 1 12915 0 0 
864 1 5 7 9935 12811 12941 
880 1 5 6 10060 12891 12941 
1222 1 1 4 12610 12932 12942 
1266 1 3 2 12956 0 0 
1213 1 1 1 12548 12922 12961 
1228 1 1 3 12668 12952 12962 
1267 0 2 4 12967 0 0 
1252 0 4 5 12856 12972 12982 
1270 1 7 4 12985 0 0 
578 1 7 7 7797 12831 12991 
1239 0 4 6 12745 12912 12992 
639 0 6 1 8254 12942 13011 
1238 1 1 3 12742 12982 13012 
1275 0 2 6 13021 0 0 
546 1 3 4 7559 13022 13032 
1278 1 7 6 13035 0 0 
674 0 2 7 8492 13032 13042 
1245 0 4 1 12797 12962 13061 
1263 0 4 3 12926 12992 13062 
968 0 0 5 10707 13062 13073 
1254 1 1 4 12865 13042 13082 
1271 0 4 6 12992 13073 13083 
1283 1 7 2 13088 0 0 
1277 0 4 0 13032 13083 13093 
1287 1 3 4 13108 0 0 
1244 1 1 3 12791 13002 13112 
984 0 0 2 10852 13113 13123 
1288 0 2 5 13132 0 0 
1260 1 1 4 12907 13052 13132 
976 0 0 6 10777 13093 13133 
1289 1 7 7 13136 0 0 
997 0 0 1 10930 13143 13153 
646 0 6 3 8305 13012 13162 
1294 0 2 0 13172 0 0 
1005 0 0 2 10994 13153 13173 
553 1 3 7 7606 13163 13173 
654 0 6 4 8352 13103 13183 
1013 0 0 0 11062 13173 13184 
1296 1 7 4 13185 0 0 
661 0 6 3 8398 13133 13212 
1300 0 2 2 13214 0 0 
1301 1 7 0 13227 0 0 
887 1 5 4 10109 13123 13233 
1307 1 3 0 13243 0 0 
1306 0 4 1 13239 13239 13249 
1024 0 0 7 11129 13249 13259 
669 0 6 3 8462 13204 13262 
1308 1 7 2 13268 0 0 
1309 0 2 2 13273 0 0 
1285 0 4 4 13098 13184 13283 
1311 1 3 5 13287 0 0 
1033 0 0 1 11203 13259 13299 
1269 1 1 7 12982 13269 13309 
1279 1 1 3 13047 13289 13312 
1315 0 4 2 13316 13316 13326 
1295 0 4 4 13177 13194 13333 
1317 1 7 7 13336 0 0 
685 0 6 5 8567 13326 13336 
895 1 5 6 10164 13336 13346 
1318 1 3 6 13349 0 0 
1319 0 2 3 13352 0 0 
904 1 5 0 10240 13346 13356 
676 0 6 7 8504 13279 13359 
1325 1 7 5 13384 0 0 
680 0 2 5 8547 13369 13386 
1326 1 3 6 13392 0 0 
913 1 5 4 10310 13389 13399 
1321 0 4 0 13359 13359 13406 
921 1 5 1 10366 13399 13409 
695 0 6 2 8637 13409 13419 
1327 0 4 3 13399 13419 13429 
700 0 6 7 8691 13429 13439 
1333 1 3 4 13449 0 0 
1286 1 1 0 13100 13379 13456 
931 1 5 1 10437 13439 13459 
1335 1 7 3 13462 0 0 
1042 0 0 7 11265 13460 13489 
561 1 3 2 7673 13490 13500 
1048 0 0 0 11325 13470 13506 
688 0 2 1 8594 13450 13509 
1343 1 7 2 13526 0 0 
1344 0 2 2 13526 0 0 
1342 0 4 5 13508 13520 13530 
